0101	0530	0170	1
0246	0393	0139	1
0254	0510	0148	1
0134	0535	0149	1
0213	0685	0148	1
0166	0634	0150	1
0255	0813	0145	1
0225	0951	0152	1
0138	1006	0157	1
0223	1111	0150	1
0240	1270	0144	1
0188	1372	0148	1
0156	1247	0151	1
0167	1371	0148	1
0067	1471	0146	1
0109	0452	0229	2
0184	0397	0234	2
0196	0494	0212	2
0271	0603	0205	2
0242	0739	0214	2
0294	0954	0205	2
0166	1126	0197	2
0128	1075	0205	2
0253	1224	0205	2
0162	1264	0202	2
0186	1433	0197	2
0087	0392	0303	3
0128	0398	0284	3
0144	0501	0275	3
0197	0602	0262	3
0220	0686	0269	3
0211	0833	0267	3
0214	0933	0252	3
0244	1109	0254	3
0145	1313	0258	3
0099	1240	0250	3
0211	1067	0254	3
0306	1294	0258	3
0245	1471	0262	3
0102	0482	0337	4
0201	0396	0337	4
0253	0547	0331	4
0276	0721	0329	4
0144	0682	0334	4
0272	0895	0324	4
0221	1025	0320	4
0234	1158	0320	4
0237	1322	0318	4
0197	1503	0323	4
0113	0394	0362	5
0151	0389	0392	5
0168	0512	0396	5
0221	0616	0394	5
0148	0710	0398	5
0216	0849	0387	5
0169	1056	0377	5
0185	0996	0385	5
0246	1216	0366	5
0193	1179	0368	5
0248	1353	0370	5
0253	1421	0380	5
0162	1496	0385	5
0167	1346	0372	5
0083	1492	0392	5
0173	0442	0461	6
0185	0404	0459	6
0221	0562	0451	6
0153	0600	0452	6
0356	0785	0443	6
0171	1006	0444	6
0164	0948	0450	6
0286	1046	0447	6
0239	1123	0446	6
0149	1191	0446	6
0194	1287	0447	6
0135	1428	0451	6
0218	0409	0519	7
0176	0545	0518	7
0157	0734	0507	7
0170	0662	0518	7
0206	0835	0508	7
0203	0789	0516	7
0253	1022	0510	7
0204	1117	0508	7
0179	1185	0505	7
0305	1285	0509	7
0142	1335	0508	7
0125	1192	0503	7
0176	1446	0493	7
0233	0400	0581	8
0254	0546	0569	8
0129	0610	0575	8
0211	0727	0571	8
0191	0914	0570	8
0042	0868	0576	8
0196	1041	0569	8
0234	1193	0568	8
0291	1376	0566	8
0318	1488	0559	8
0098	0418	0653	9
0204	0384	0636	9
0237	0533	0632	9
0219	0688	0631	9
0264	0791	0635	9
0240	0935	0633	9
0211	1066	0640	9
0137	1017	0644	9
0200	1259	0636	9
0081	1203	0647	9
0248	1355	0637	9
0229	1435	0632	9
0144	0410	0699	10
0106	0370	0710	10
0219	0526	0716	10
0329	0632	0717	10
0286	0714	0712	10