0191	0368	0146	1
0246	0431	0154	1
0192	0512	0150	1
0186	0632	0145	1
0161	0699	0142	1
0307	0814	0141	1
0187	0906	0143	1
0158	0996	0146	1
0222	1100	0135	1
0255	1228	0119	1
0183	1287	0118	1
0154	1376	0124	1
0113	1436	0132	1
0222	0415	0208	2
0213	0484	0205	2
0162	0582	0196	2
0116	0640	0191	2
0199	0736	0190	2
0142	0693	0201	2
0211	0913	0200	2
0182	1075	0210	2
0077	1061	0212	2
0257	1158	0201	2
0198	1227	0195	2
0162	1292	0196	2
0252	1392	0204	2
0227	1435	0211	2
0181	1411	0207	2
0144	0426	0253	3
0198	0386	0273	3
0224	0536	0260	3
0305	0491	0259	3
0112	0580	0256	3
0252	0687	0254	3
0046	0731	0256	3
0182	0819	0260	3
0178	0916	0260	3
0181	1068	0264	3
0199	1137	0273	3
0053	1206	0265	3
0066	1095	0269	3
0239	1273	0268	3
0094	1330	0268	3
0203	1422	0260	3
0164	0427	0310	4
0130	0396	0322	4
0183	0506	0312	4
0154	0594	0314	4
0323	0735	0316	4
0127	0704	0321	4
0219	0868	0310	4
0054	0903	0318	4
0257	0647	0316	4
0042	0635	0316	4
0172	0696	0315	4
0231	0876	0312	4
0174	0997	0327	4
0145	1072	0336	4
0139	1154	0342	4
0199	1264	0333	4
0159	1354	0323	4
0236	1472	0319	4
0090	1521	0328	4
0217	0393	0372	5
0204	0500	0382	5
0145	0610	0376	5
0167	0691	0375	5
0225	0837	0381	5
0274	1016	0387	5
0093	1080	0400	5
0280	1178	0399	5
0222	1292	0401	5
0307	1407	0396	5
0121	1468	0392	5
0288	1402	0394	5
0193	1471	0390	5
0112	0431	0396	6
0154	0369	0428	6
0227	0478	0428	6
0239	0601	0428	6
0215	0748	0431	6
0231	0808	0439	6
0238	0958	0442	6
0222	1052	0448	6
0158	1127	0457	6
0208	1284	0460	6
0107	1255	0468	6
0165	1394	0456	6
0134	0434	0490	7
0196	0383	0503	7
0264	0518	0491	7
0232	0685	0492	7
0221	0797	0500	7
0215	0841	0507	7
0182	0949	0506	7
0278	1086	0515	7
0236	1002	0512	7
0299	1079	0520	7
0300	1126	0524	7
0209	1171	0527	7
0248	1270	0531	7
0212	1415	0529	7
0050	0376	0563	8
0211	0502	0554	8
0179	0594	0551	8
0256	0722	0553	8
0094	0794	0563	8
0228	0889	0564	8
0221	1016	0570	8
0139	1124	0583	8
0184	1200	0590	8
0230	1330	0595	8
0183	1454	0599	8
0130	0432	0634	9
0186	0389	0641	9
0196	0481	0628	9
0291	0689	0614	9
0238	0803	0621	9
0217	0897	0629	9
0235	1067	0637	9
0140	1143	0647	9
0157	1217	0654	9
0180	1322	0661	9
0082	1306	0666	9
0191	1392	0663	9
0216	1337	0666	9
0247	1369	0666	9
0182	1303	0664	9
0204	1370	0667	9
0076	1431	0672	9
0205	0386	0691	10
0172	0486	0691	10
0152	0562	0690	10
0178	0628	0686	10
0930	0725	0681	10
