0228	0373	0146	1
0178	0511	0152	1
0160	0592	0145	1
0174	0510	0144	1
0175	0784	0132	1
0100	0762	0137	1
0186	0902	0138	1
0232	1111	0131	1
0078	1092	0137	1
0211	1339	0149	1
0129	1412	0156	1
0222	0429	0228	2
0255	0555	0217	2
0278	0758	0225	2
0110	0835	0223	2
0222	0981	0211	2
0218	1198	0209	2
0131	1362	0206	2
0227	0403	0298	3
0038	0509	0288	3
0248	0607	0288	3
0223	0789	0281	3
0258	0911	0278	3
0056	1113	0274	3
0242	1196	0274	3
0177	1358	0271	3
0248	0403	0338	4
0275	0599	0336	4
0184	0773	0333	4
0180	0882	0332	4
0229	1039	0327	4
0183	1231	0329	4
0170	1362	0327	4
0304	1158	0335	4
0141	1464	0339	4
0195	0342	0417	5
0246	0530	0409	5
0165	0714	0403	5
0184	0685	0406	5
0167	0909	0400	5
0150	0892	0399	5
0307	1110	0387	5
0190	1304	0392	5
0110	1275	0386	5
0155	1408	0394	5
0159	1515	0396	5
0132	0402	0462	6
0190	0364	0466	6
0169	0512	0464	6
0163	0587	0465	6
0233	0769	0465	6
0244	0926	0459	6
0043	1038	0442	6
0186	1172	0442	6
0165	1114	0439	6
0210	1360	0451	6
0143	1460	0457	6
0274	0392	0537	7
0122	0507	0535	7
0233	0620	0524	7
0123	0755	0521	7
0181	0966	0521	7
0181	1075	0515	7
0188	1257	0509	7
0157	1214	0506	7
0091	1337	0513	7
0238	0393	0595	8
0242	0574	0594	8
0139	0759	0590	8
0143	0711	0590	8
0141	0848	0591	8
0214	1062	0590	8
0191	1180	0580	8
0124	1235	0581	8
0219	1327	0586	8
0136	1413	0582	8
0129	0404	0648	9
0153	0358	0655	9
0250	0522	0655	9
0161	0673	0654	9
0154	0648	0653	9
0245	0879	0658	9
0173	1107	0658	9
0026	1052	0653	9
0193	1290	0652	9
0182	1422	0663	9
0367	0385	0726	10
0248	1473	0662	9
0120	1517	0665	9
0134	0419	0724	10
0163	0368	0733	10
0173	0523	0732	10
0259	0635	0729	10
0146	0736	0730	10
0104	0883	0712	10
0087	0852	0726	10
0191	0993	0724	10
0179	1197	0716	10
0121	1312	0716	10
0218	0399	0785	11
0232	0616	0792	11
0197	0795	0787	11
0224	0967	0788	11
0229	1131	0794	11
0209	1290	0798	11
0110	1435	0801	11
0240	0406	0876	12
0376	0538	0865	12