0041	0382	0160	1
0156	1076	0773	0
0045	0580	0241	0
0083	0474	0188	0
0340	0457	0143	1
0217	0554	0139	1
0169	0684	0136	1
0258	0838	0139	1
0194	1032	0137	1
0193	1188	0146	1
0232	1311	0153	1
0101	1394	0155	1
0122	1485	0158	1
0229	0443	0206	2
0232	0570	0218	2
0242	0665	0224	2
0086	0734	0229	2
0215	0832	0234	2
0230	0998	0220	2
0213	1127	0209	2
0146	1200	0216	2
0193	1349	0224	2
0137	1516	0235	2
0257	0420	0296	3
0232	0518	0303	3
0193	0648	0298	3
0186	0792	0293	3
0214	0903	0287	3
0125	1130	0282	3
0104	1092	0285	3
0170	1208	0286	3
0198	1334	0286	3
0130	1438	0288	3
0099	1458	0288	3
0191	0437	0348	4
0254	0570	0361	4
0161	0678	0356	4
0180	0745	0350	4
0132	0803	0351	4
0206	0936	0357	4
0180	1032	0362	4
0197	1169	0362	4
0185	1323	0369	4
0093	1365	0365	4
0161	0473	0401	5
0109	0439	0404	5
0197	0590	0398	5
0191	0695	0385	5
0262	0844	0397	5
0111	0921	0404	5
0167	1021	0402	5
0232	1182	0399	5
0078	1290	0406	5
0481	1382	0406	5
0102	1353	0405	5
0073	1379	0390	5
0242	0417	0486	6
0115	0490	0473	6
0205	0584	0463	6
0234	0726	0452	6
0264	0793	0452	6
0213	0884	0456	6
0196	1084	0447	6
0104	1176	0451	6
0201	1327	0463	6
0226	1459	0465	6
0230	0424	0532	7
0232	0554	0534	7
0192	0681	0535	7
0216	0794	0532	7
0191	0946	0534	7
0169	0988	0533	7
0236	1108	0529	7
0157	1218	0528	7
0161	1271	0525	7
0233	1418	0525	7
0047	1457	0525	7
0275	0421	0577	8
0234	0592	0583	8
0108	0651	0581	8
0263	0880	0578	8
0074	1025	0592	8
0203	1120	0594	8
0185	1180	0594	8
0226	1328	0596	8
0167	1436	0590	8
0219	0402	0657	9
0239	0488	0676	9
0191	0638	0678	9
0160	0776	0666	9
0253	1004	0665	9
0264	1190	0673	9
0115	1263	0677	9
0152	1332	0678	9
0133	1440	0672	9
0115	1505	0670	9
0363	0406	0740	10
0074	0447	0750	10
0303	0519	0761	10
0260	0556	0758	10
0110	0612	0752	10
0126	0723	0746	10
0142	0819	0749	10
0217	1048	0753	10
0219	1204	0756	10
0079	1241	0754	10
0196	1398	0744	10
0142	1518	0739	10
0175	0420	0810	11
0064	0443	0798	11
0131	0524	0796	11
0213	0614	0792	11
0206	0768	0792	11
0190	0936	0788	11
0204	1094	0782	11
0169	1159	0780	11
0248	1272	0779	11
