0055	0377	0157	1
0141	0706	0269	0
0137	0417	0179	1
0187	0515	0146	1
0131	0660	0140	1
0291	0645	0144	1
0148	0629	0151	1
0163	0834	0150	1
0046	0816	0154	1
0172	0989	0165	1
0112	1091	0170	1
0181	1142	0176	1
0141	0857	0142	1
0152	0770	0147	1
0134	0392	0167	1
0128	0480	0168	1
0183	0537	0165	1
0116	0645	0154	1
0251	0681	0167	1
0147	0834	0156	1
0132	0820	0153	1
0148	0936	0152	1
0201	0996	0160	1
0176	1092	0171	1
0215	1132	0178	1
0105	1118	0177	1
0221	0986	0160	1
0083	1186	0184	1
0194	1277	0180	1
0175	1365	0176	1
0113	0437	0224	2
0227	0407	0227	2
0122	1027	0163	1
0210	1141	0170	1
0178	1276	0178	1
0153	1369	0181	1
0122	0393	0246	2
0151	0467	0236	2
0181	0402	0230	2
0183	0477	0250	2
0210	0673	0244	2
0172	0789	0245	2
0246	0967	0238	2
0190	1023	0245	2
0159	0905	0237	2
0264	1035	0255	2
0138	1200	0255	2
0146	1173	0256	2
0183	1295	0262	2
0342	1039	0249	2
0092	1398	0275	2
0163	1019	0242	2
0374	1062	0258	2
0135	1284	0266	2
0233	1427	0277	2
0117	1455	0266	2
0112	0441	0290	3
0186	0402	0286	3
0132	0552	0283	3
0110	0535	0290	3
0170	0757	0288	3
0146	0878	0297	3
0136	0944	0304	3
0096	1069	0306	3
0095	1101	0321	3
0168	1200	0316	3
0148	1341	0331	3
0121	1316	0330	3
0222	1426	0344	3
0088	0446	0403	4
0144	0395	0378	4
0104	0454	0372	4
0159	0568	0369	4
0141	0672	0372	4
0162	0786	0371	4
0255	0939	0364	4
0140	0803	0356	4
0202	0979	0383	4
0157	1074	0382	4
0258	1188	0388	4
0167	1352	0399	4
0170	1406	0402	4
0094	0448	0424	5
0198	0400	0424	5
0164	0544	0424	5
0189	0684	0425	5
0137	0817	0426	5
0165	0975	0439	5
0126	1124	0436	5
0127	1096	0436	5
0120	1266	0450	5
0269	1232	0446	5
0380	1431	0462	5
0087	0450	0530	6
0172	0417	0508	6
0131	0531	0498	6
0135	0559	0505	6
0084	0502	0496	6
0187	0671	0499	6
0107	0658	0500	6
0152	0734	0496	6
0147	0864	0492	6
0140	0935	0491	6
0162	1026	0498	6
0156	0891	0493	6
0071	0852	0492	6
0132	1038	0505	6
0129	1197	0522	6
0154	1157	0505	6
0443	1255	0509	6
0176	1380	0510	6
0185	0408	0552	7
0130	0572	0557	7
0151	0543	0557	7
0180	0756	0563	7
0217	0855	0554	7
0156	0698	0554	7
0177	0828	0556	7
0236	1044	0566	7
0128	1010	0554	7
0181	1169	0563	7
0187	1232	0568	7
0227	1373	0572	7
0104	1434	0571	7
0280	1361	0573	7
0229	1334	0575	7
0146	1444	0580	7
0121	0437	0635	8
0103	0395	0628	8
0147	0572	0630	8
0139	0543	0630	8
0147	0675	0626	8
0165	0736	0631	8
0216	0866	0631	8
0142	0655	0623	8
0160	0814	0628	8
0110	0972	0633	8
0089	1033	0627	8
0177	1133	0637	8
0170	1184	0641	8
0106	1337	0644	8
0067	1348	0596	0
0172	1350	0647	8
0154	1330	0640	8
0131	1426	0650	8
0070	1500	0608	8
0164	0400	0683	9
0182	0482	0697	9
0194	0609	0697	9
0161	0655	0698	9
0205	0814	0702	9
0150	0960	0698	9
0159	1056	0701	9
0157	1225	0703	9
0121	1207	0703	9
0215	1452	0708	9
0177	0447	0760	10
0106	0437	0771	10
0152	0505	0776	10
0177	0897	0577	0
0163	1101	0585	0
0134	1232	0578	0
0132	1186	0572	0
0159	1348	0585	0
