0281	0379	0152	1
0455	0525	0146	1
0209	0724	0146	1
0221	0709	0152	1
0162	0844	0164	1
0257	0761	0159	1
0185	0980	0176	1
0231	1097	0173	1
0296	1260	0177	1
0130	1324	0171	1
0081	1379	0170	1
0173	0466	0216	2
0289	0406	0216	2
0374	0533	0206	2
0184	0655	0209	2
0087	0696	0211	2
0282	0792	0220	2
0227	0961	0226	2
0195	1043	0215	2
0219	1194	0209	2
0203	1153	0215	2
0269	1331	0214	2
0135	0494	0247	3
0149	0408	0263	3
0125	0461	0246	3
0289	0609	0268	3
0290	0568	0265	3
0197	0544	0278	3
0610	0624	0268	3
0213	0573	0277	3
0107	0662	0272	3
0290	0774	0272	3
0264	0897	0282	3
0190	0623	0279	3
0132	0656	0273	3
0166	0889	0273	3
0226	0806	0266	3
0186	0912	0267	3
0144	0987	0265	3
0317	1119	0269	3
0142	1221	0274	3
0455	1318	0286	3
0183	0468	0315	4
0395	0408	0332	4
0481	0564	0341	4
0157	0456	0346	4
0277	0636	0357	4
0304	0729	0355	4
0095	0769	0346	4
0246	0821	0340	4
0211	0926	0344	4
0387	1023	0347	4
0310	1156	0350	4
0248	1308	0348	4
0192	1415	0351	4
0139	0459	0378	5
0202	0390	0390	5
0343	0539	0381	5
0245	0701	0384	5
0112	0683	0391	5
0274	0915	0409	5
0188	1024	0408	5
0047	1003	0414	5
0346	1110	0411	5
0223	1276	0415	5
0148	1232	0412	5
0200	1366	0417	5
0218	1472	0413	5
0099	0478	0448	6
0219	0377	0462	6
0217	0515	0448	6
0115	0619	0452	6
0118	0774	0461	6
0328	0907	0462	6
0134	0997	0477	6
0198	1144	0470	6
0269	1099	0468	6
0146	1203	0468	6
0343	1317	0471	6
0178	1300	0481	6
0244	1415	0476	6
0064	1386	0483	6
0109	1455	0482	6
0125	0519	0514	7
0286	0411	0531	7
0228	0537	0532	7
0239	0617	0528	7
0236	0782	0524	7
0360	0983	0530	7
0447	1069	0540	7
0338	1018	0556	7
0285	1095	0542	7
0207	1162	0540	7
0167	1211	0544	7
0263	1278	0543	7
0163	1337	0544	7
0115	0501	0581	8
0299	0398	0608	8
0088	0602	0610	8
0134	0601	0587	8
0261	0734	0610	8
0186	0847	0611	8
0244	1051	0601	8
0236	1132	0604	8
0331	1196	0610	8
0195	1292	0615	8
0163	1366	0615	8
0140	1307	0614	8
0264	1386	0613	8
0139	0499	0675	9
0292	0414	0680	9
0320	0531	0669	9
0222	0646	0686	9
0146	0800	0679	9
0192	0910	0670	9
0247	1132	0670	9
0242	1264	0660	9
0183	1320	0665	9
0163	1401	0664	9
0166	0437	0714	10
0143	0382	0730	10
0255	0572	0732	10
0168	0516	0729	10
0325	0724	0728	10
0250	0859	0730	10
0430	0964	0727	10
0409	1131	0737	10
0173	1255	0730	10
0121	0495	0774	11
0145	0395	0804	11
0207	0626	0799	11
0189	0558	0806	11
0245	0776	0793	11
0179	0948	0794	11
0246	0890	0795	11
0120	1012	0795	11
0258	1126	0796	11
0173	1318	0790	11
0144	1271	0787	11
0158	1382	0781	11
0177	1266	0787	11
0241	1377	0787	11
0137	0528	0859	12
0189	0405	0863	12