0277	0374	0147	1
0277	0495	0151	1
0138	0542	0155	1
0213	0677	0165	1
0290	0810	0175	1
0254	1041	0174	1
0240	1157	0175	1
0286	1066	0184	1
0090	1169	0190	1
0217	1298	0189	1
0175	1374	0180	1
0059	1428	0176	1
0209	0369	0224	2
0362	0560	0230	2
0205	0639	0232	2
0221	0820	0226	2
0227	0924	0220	2
0116	0989	0221	2
0314	0842	0223	2
0312	0929	0218	2
0185	1094	0219	2
0269	0981	0221	2
0246	1101	0225	2
0244	0942	0220	2
0070	0882	0220	2
0327	1070	0215	2
0186	1192	0224	2
0194	1354	0227	2
0181	1445	0226	2
0191	1345	0240	2
0176	1453	0237	2
0149	0427	0301	3
0138	0391	0297	3
0255	0536	0292	3
0138	0666	0289	3
0191	0554	0302	3
0146	0608	0299	3
0324	0781	0300	3
0159	0936	0288	3
0191	0806	0288	3
0153	0726	0287	3
0288	0913	0290	3
0200	1094	0274	3
0217	1215	0278	3
0157	1287	0277	3
0159	1413	0273	3
0173	0431	0335	4
0146	0397	0352	4
0278	0545	0364	4
0183	0691	0363	4
0331	0783	0358	4
0189	0881	0350	4
0120	0840	0354	4
0201	0968	0360	4
0168	1074	0354	4
0221	1188	0356	4
0246	1316	0351	4
0284	0416	0426	5
0210	0579	0421	5
0174	0688	0419	5
0307	0818	0429	5
0165	0804	0424	5
0099	0772	0427	5
0208	0901	0406	5
0220	1051	0411	5
0162	1158	0414	5
0108	1278	0410	5
0125	1381	0413	5
0287	0397	0478	6
0215	0589	0480	6
0159	0741	0486	6
0215	0657	0484	6
0170	0778	0487	6
0223	0930	0483	6
0159	1062	0472	6
0125	1165	0476	6
0241	1318	0482	6
0177	1380	0482	6
0069	1461	0480	6
0280	0389	0552	7
0267	0508	0548	7
0258	0697	0540	7
0177	0792	0544	7
0251	0915	0540	7
0157	1007	0532	7
0194	1122	0530	7
0196	1242	0532	7
0172	1350	0536	7
0112	1434	0534	7
0245	0389	0591	8
0243	0485	0600	8
0189	0571	0610	8
0132	0663	0617	8
0138	0862	0616	8
0205	0895	0605	8
0201	1104	0607	8
0083	1110	0594	8
0192	1042	0606	8
0107	1207	0611	8
0234	1340	0604	8
0149	1438	0594	8
0260	0393	0664	9
0264	0491	0673	9
0149	0692	0685	9
0153	0652	0685	9
0183	0810	0678	9
0257	1016	0668	9
0237	1207	0660	9
0173	1298	0669	9
0238	1411	0666	9
0224	1462	0672	9
0104	0516	0714	10
0208	0380	0730	10
0270	0488	0736	10
0186	0681	0757	10
0205	0668	0758	10
0146	0622	0758	10
0228	0760	0744	10
0142	0869	0742	10
0309	0994	0741	10
0251	1171	0736	10
0159	1121	0741	10
0158	1278	0736	10
0179	1370	0742	10
0202	1490	0739	10
0176	0410	0812	11
0187	0367	0816	11
0234	0501	0823	11
0198	0613	0821	11
0192	0788	0812	11
0225	0893	0806	11
0201	1026	0807	11
0244	1197	0807	11
0158	1287	0811	11
0182	1178	0809	11
0141	1288	0804	11