0236	0369	0154	1
0137	0451	0158	1
0222	0634	0155	1
0173	0587	0151	1
0167	0749	0142	1
0166	0818	0145	1
0281	0944	0138	1
0217	1195	0154	1
0208	1264	0158	1
0139	1348	0167	1
0232	0459	0222	2
0182	0406	0226	2
0231	0627	0228	2
0282	0798	0209	2
0308	0989	0217	2
0274	1205	0223	2
0218	1390	0235	2
0224	0421	0289	3
0115	0508	0287	3
0204	0664	0282	3
0156	0881	0289	3
0204	0816	0284	3
0231	1133	0282	3
0140	1174	0289	3
0148	1075	0282	3
0307	1380	0300	3
0326	1231	0292	3
0418	1385	0300	3
0174	1515	0295	3
0224	0420	0355	4
0319	0621	0342	4
0164	0728	0334	4
0178	0858	0332	4
0177	0949	0334	4
0259	1303	0347	4
0213	1272	0344	4
0150	1381	0346	4
0129	1450	0346	4
0153	0458	0409	5
0195	0386	0404	5
0481	0557	0397	5
0372	0671	0398	5
0495	0868	0403	5
0320	1002	0409	5
0326	1180	0409	5
0133	1211	0410	5
0261	1353	0421	5
0169	1456	0427	5
0269	0414	0482	6
0219	0484	0478	6
0231	0635	0469	6
0150	0667	0469	6
0269	0864	0455	6
0265	1068	0461	6
0214	0887	0464	6
0149	1152	0476	6
0257	1250	0473	6
0147	1284	0470	6
0326	1424	0471	6
0110	1516	0465	6
0146	0428	0534	7
0164	0392	0527	7
0370	0520	0527	7
0240	0382	0530	7
0224	0609	0535	7
0106	0707	0529	7
0091	0894	0521	7
0213	0832	0532	7
0133	0981	0533	7
0212	1190	0530	7
0356	1344	0538	7
0134	1432	0534	7
0260	0414	0617	8
0236	0483	0605	8
0399	0764	0603	8
0145	0886	0595	8
0278	1120	0596	8
0183	1240	0602	8
0630	1401	0607	8
0116	1467	0609	8
0293	0494	0697	9
0177	0543	0672	9
0200	0705	0674	9
0297	0893	0682	9
0220	1005	0677	9
0310	1187	0669	9
0290	1306	0676	9
0159	1374	0677	9
0208	1444	0668	9
0204	0442	0734	10
0208	0530	0747	10
0214	0667	0743	10
0213	0784	0741	10
0233	1015	0733	10
0365	1198	0736	10
0276	1369	0740	10
0314	0458	0805	11
0427	0638	0813	11
0172	0726	0807	11