0372	0373	0150	1
0179	0467	0142	1
0161	0528	0153	1
0142	0487	0152	1
0205	0568	0152	1
0102	0515	0147	1
0187	0480	0144	1
0152	0540	0141	1
0183	0604	0140	1
0170	0664	0152	1
0218	0798	0165	1
0137	0909	0187	1
0181	0982	0201	1
0159	1064	0199	1
0214	1158	0192	1
0299	1140	0186	1
0247	1208	0178	1
0242	1268	0175	1
0176	1343	0175	1
0199	1394	0168	1
0159	1468	0158	1
0112	1521	0152	1
0107	0449	0222	2
0301	0411	0248	2
0161	0481	0243	2
0143	0562	0240	2
0166	0651	0246	2
0173	0754	0242	2
0298	0896	0238	2
0036	0881	0239	2
0199	0996	0232	2
0143	0835	0220	2
0183	1003	0224	2
0174	1132	0227	2
0151	1211	0228	2
0215	1335	0216	2
0131	1383	0215	2
0165	1288	0218	2
0106	0439	0290	3
0115	0424	0289	3
0228	0529	0282	3
0255	0401	0290	3
0113	0496	0290	3
0148	0573	0287	3
0151	0664	0292	3
0176	0806	0298	3
0087	0905	0305	3
0162	0990	0301	3
0138	1183	0292	3
0167	1299	0292	3
0147	1428	0284	3
0107	0440	0358	4
0076	0416	0351	4
0171	0572	0341	4
0154	0647	0334	4
0167	0815	0340	4
0258	0896	0338	4
0139	0802	0337	4
0167	0955	0349	4
0127	1054	0355	4
0162	1136	0349	4
0221	1236	0359	4
0257	1351	0344	4
0075	1411	0340	4
0109	1499	0318	4
0173	0351	0415	5
0164	0474	0394	5
0185	0568	0394	5
0233	0694	0393	5
0225	0828	0396	5
0277	0792	0394	5
0177	0780	0394	5
0191	0892	0405	5
0218	0984	0413	5
0263	1028	0412	5
0123	1114	0416	5
0161	1240	0415	5
0177	1329	0417	5
0141	1460	0408	5
0285	0418	0459	6
0206	0549	0463	6
0195	0541	0459	6
0187	0684	0455	6
0183	0778	0462	6
0159	0934	0471	6
0130	1002	0476	6
0258	1156	0487	6
0167	1278	0486	6
0173	0424	0522	7
0159	0417	0525	7
0188	0604	0526	7
0052	0711	0520	7
0238	0832	0525	7
0060	0926	0535	7
0175	1040	0544	7
0037	1021	0542	7
0169	1118	0543	7
0197	1204	0550	7
0245	1374	0554	7
0114	0446	0584	8
0223	0398	0595	8
0199	0521	0589	8
0254	0616	0593	8
0170	0802	0593	8
0216	0906	0603	8
0178	1237	0566	0
0285	1035	0613	8
0171	1154	0615	8
0042	1204	0582	0
0340	1056	0610	8
0143	1095	0610	8
0311	1169	0614	8
0098	1250	0619	8
0263	1327	0620	8
0165	1407	0615	8
0168	1457	0617	8
0107	1528	0608	8
0126	0440	0655	9
0157	0393	0663	9
0167	0386	0662	9
0252	0363	0660	9
0162	0532	0671	9
0126	0633	0687	9
0204	0706	0671	9
0255	0822	0658	9
0150	0648	0673	9
0176	0592	0676	9
0217	0698	0669	9
0259	0586	0681	9
0217	0728	0678	9
0175	0832	0670	9
0217	0921	0671	9
0201	1050	0673	9
0117	1106	0674	9
0175	1073	0674	9
0293	1186	0675	9
0260	1091	0677	9
0103	1189	0678	9
0132	1242	0682	9
0195	1302	0687	9
0252	1429	0687	9
0132	0388	0744	10
0178	0373	0741	10
0142	0641	0750	10
0054	0618	0751	10
0193	0713	0744	10
0214	0796	0742	10
0172	0933	0737	10
0258	1040	0741	10
0185	1142	0744	10
0145	1223	0751	10
0139	1272	0751	10
0056	1173	0729	10
0046	1227	0712	0
0147	1194	0736	10
0168	1298	0742	10
0120	0447	0808	11
0202	0410	0809	11
0218	0594	0811	11
0143	0558	0803	11
0179	0722	0802	11
0140	0824	0803	11
0217	1042	0806	11
0151	0989	0799	11
0188	1177	0806	11
0147	1227	0813	11
0187	1332	0815	11
0214	1403	0817	11
0328	0414	0863	12
0114	0429	0828	0
0181	1207	0744	10
0088	1129	0742	10
0247	1070	0738	10
0055	1213	0734	10
0128	0947	0728	10
0233	0890	0737	10
0157	1024	0728	10
0149	1189	0734	10
0181	1272	0741	10
0264	0730	0739	10
0204	0417	0806	11
0168	0561	0813	11
0161	0669	0811	11
0176	0806	0811	11
0239	1011	0803	11
0153	1120	0803	11
0200	0558	0822	11
0332	0542	0813	11
0176	0739	0808	11
0143	0877	0802	11
0147	1044	0803	11
0041	1213	0807	11
0240	1347	0813	11
0096	0468	0869	12
0245	0409	0863	12