0298	0362	0146	1
0141	0417	0149	1
0206	0512	0147	1
0177	0566	0146	1
0291	0392	0159	1
0198	0752	0168	1
0124	0813	0167	1
0215	0632	0170	1
0255	0689	0163	1
0242	0594	0165	1
0195	0858	0159	1
0146	0989	0158	1
0150	1061	0168	1
0274	1190	0165	1
0273	1251	0170	1
0118	1146	0160	1
0175	1106	0167	1
0269	1333	0184	1
0213	1391	0177	1
0281	1454	0177	1
0122	1411	0182	1
0159	0412	0252	2
0253	0378	0238	2
0173	0473	0230	2
0150	0546	0224	2
0230	0710	0226	2
0171	0529	0216	2
0237	0671	0218	2
0112	0776	0227	2
0274	0893	0236	2
0210	1026	0233	2
0049	1090	0239	2
0219	1199	0250	2
0099	1138	0250	2
0211	1405	0251	2
0101	1329	0241	2
0266	1207	0233	2
0087	1237	0241	2
0191	1365	0246	2
0169	1411	0258	2
0118	0450	0298	3
0131	0411	0318	3
0257	0551	0304	3
0215	0536	0309	3
0251	0658	0292	3
0170	0730	0293	3
0159	0823	0297	3
0203	1002	0294	3
0176	1037	0292	3
0212	1164	0287	3
0196	1304	0291	3
0198	1425	0293	3
0203	0403	0321	4
0180	0646	0353	4
0240	0622	0354	4
0149	0428	0886	0
0125	0407	0859	0
0155	0569	0310	0
0124	0634	0284	0
0099	0643	0365	4
0207	0588	0356	4
0232	0579	0355	4
0152	0827	0354	4
0125	0890	0352	4
0185	0973	0350	4
0277	1102	0339	4
0250	0968	0344	4
0209	0953	0350	4
0209	1112	0343	4
0160	1279	0345	4
0202	1265	0343	4
0202	1361	0357	4
0153	1274	0338	4
0177	1434	0359	4
0121	0478	0416	5
0284	0380	0422	5
0194	0528	0408	5
0135	0591	0404	5
0223	0657	0403	5
0115	0518	0404	5
0270	0460	0413	5
0202	0712	0401	5
0230	0881	0404	5
0220	0980	0412	5
0179	1052	0413	5
0223	1265	0416	5
0194	1224	0423	5
0232	1373	0418	5
0152	1430	0416	5
0128	1456	0418	5
0116	0472	0463	6
0285	0412	0477	6
0224	0396	0475	6
0347	0572	0469	6
0198	0759	0478	6
0164	0702	0477	6
0211	0671	0483	6
0185	0780	0479	6
0184	0822	0480	6
0223	1001	0464	6
0154	0919	0463	6
0259	0899	0469	6
0254	0799	0456	6
0221	1016	0455	6
0151	1077	0465	6
0239	1145	0473	6
0219	1183	0465	6
0119	1106	0459	6
0309	1324	0466	6
0146	0418	0518	7
0243	0393	0537	7
0295	0367	0546	7
0275	0622	0539	7
0198	0673	0546	7
0265	0813	0550	7
0233	0939	0548	7
0205	1047	0538	7
0211	0917	0551	7
0298	1085	0530	7
0294	1271	0538	7
0165	1456	0540	7
0195	1413	0535	7
0136	0440	0585	8
0162	0373	0596	8
0138	0523	0603	8
0248	0640	0604	8
0367	0368	0591	8
0228	0800	0598	8
0341	0928	0607	8
0083	0888	0611	8
0305	0782	0614	8
0185	0757	0616	8
0269	0405	0602	8
0168	0353	0600	8
0211	0501	0606	8
0204	0358	0605	8
0180	0614	0608	8
0366	0551	0608	8
0189	0707	0605	8
0102	0676	0607	8
0282	0566	0610	8
0137	0747	0609	8
0216	0803	0605	8
0179	0934	0597	8
0180	1111	0591	8
0211	1096	0591	8
0231	1215	0589	8
0155	1285	0594	8
0216	1388	0592	8
0291	1480	0598	8
0424	0443	0663	9
0150	0522	0662	9
0187	0601	0666	9
0199	0740	0667	9
0168	0823	0667	9
0166	0927	0667	9
0172	0834	0663	9
0153	0948	0666	9
0400	1105	0658	9
0259	1225	0664	9
0237	1371	0661	9
0124	1354	0663	9
0179	1513	0665	9
0178	1465	0670	9
0181	0456	0719	10
0160	0396	0734	10
0176	0485	0732	10
0184	0624	0735	10
0177	0749	0728	10
0194	0822	0734	10
0169	0739	0732	10
0232	0984	0729	10
0124	0964	0729	10
0207	1034	0729	10
0249	1288	0726	10
0186	1224	0721	10
0290	1170	0706	0
0134	1264	0724	10
0147	0420	0776	11
0111	0408	0795	11
0228	0580	0769	11
0112	0644	0786	11
0304	0814	0787	11
0388	1108	0792	11
0173	1199	0789	11
0259	1057	0800	11
0175	1120	0794	11
0424	1205	0792	11
0249	1229	0792	11
0313	1354	0785	11
0188	1462	0782	11
0228	0418	0854	12
0628	0402	0857	12
