0269	0381	0130	1
0139	0473	0135	1
0154	0535	0127	1
0182	0609	0134	1
0229	0752	0141	1
0180	0852	0154	1
0148	0770	0145	1
0155	0915	0140	1
0268	1155	0147	1
0173	1120	0147	1
0271	1326	0160	1
0147	0478	0185	2
0265	0418	0182	2
0192	0545	0184	2
0172	0586	0182	2
0153	0666	0180	2
0159	0784	0188	2
0086	0839	0189	2
0187	0985	0197	2
0232	1023	0200	2
0230	1219	0194	2
0153	1241	0206	2
0137	1364	0220	2
0322	0425	0266	3
0485	0598	0253	3
0134	0637	0257	3
0303	0811	0268	3
0277	0944	0272	3
0347	0994	0278	3
0175	0981	0278	3
0281	1014	0276	3
0190	1026	0274	3
0267	1162	0277	3
0125	1206	0282	3
0219	1348	0278	3
0195	0442	0304	4
0160	0406	0320	4
0304	0610	0321	4
0142	0749	0324	4
0124	0809	0329	4
0247	0898	0326	4
0550	1034	0331	4
0046	1067	0329	4
0221	1214	0339	4
0226	1319	0341	4
0140	1280	0337	4
0215	1198	0339	4
0187	1186	0335	4
0218	1303	0337	4
0172	1459	0340	4
0146	0461	0366	5
0194	0401	0363	5
0325	0558	0368	5
0342	0764	0367	5
0203	0720	0381	5
0181	0932	0384	5
0316	0988	0390	5
0099	1019	0389	5
0238	1118	0397	5
0416	1275	0401	5
0347	1396	0410	5
0187	1426	0409	5
0247	1505	0411	5
0336	0423	0421	6
0214	0508	0431	6
0185	0592	0435	6
0218	0632	0445	6
0283	0805	0453	6
0073	0897	0455	6
0239	1007	0461	6
0191	1156	0470	6
0060	1230	0472	6
0189	1451	0481	6
0202	1247	0508	0
0200	1238	0474	6
0166	1361	0485	6
0137	1390	0484	6
0124	1459	0478	6
0118	0509	0496	7
0216	0418	0499	7
0215	0559	0497	7
0156	0637	0508	7
0294	0797	0521	7
0165	0837	0524	7
0361	0644	0512	7
0099	0730	0514	7
0178	0892	0512	7
0181	1001	0518	7
0216	1086	0524	7
0085	1065	0524	7
0255	1222	0535	7
0245	1309	0542	7
0168	0766	0606	0
0078	0475	0566	8
0160	1328	0545	7
0245	1356	0549	7
0191	1335	0544	7
0134	0473	0575	8
0197	0416	0563	8
0320	0400	0562	8
0368	0596	0566	8
0292	0796	0598	8
0275	0876	0599	8
0192	1066	0589	8
0176	1148	0595	8
0153	1202	0599	8
0282	1347	0602	8
0205	1407	0605	8
0141	0538	0647	9
0311	0418	0635	9
0223	0524	0638	9
0247	0722	0660	9
0085	0753	0658	9
0166	0940	0670	9
0160	0961	0657	9
0225	1132	0653	9
0222	1334	0662	9
0182	1410	0665	9
0075	1443	0665	9
0133	0560	0714	10
0207	0412	0715	10
0157	0480	0707	10
0138	0592	0713	10
0170	0685	0711	10
0184	0781	0721	10
0424	0936	0722	10
0263	1006	0727	10
0231	1166	0720	10
0314	1276	0722	10
0236	1221	0718	10
0171	0529	0791	11
0252	0429	0789	11
0075	0407	0791	11
0372	0646	0789	11
0128	0620	0789	11
0114	0987	0824	11
0144	0999	0769	11
0132	1068	0727	10
0172	1206	0724	10
0156	0717	0808	11
0163	0591	0862	12
0187	0460	0867	12
0207	0605	0862	12