0328	0347	0127	1
0128	0359	0125	1
0190	0402	0139	1
0262	0456	0127	1
0309	0507	0139	1
0210	0600	0149	1
0338	0572	0143	1
0194	0621	0136	1
0195	0597	0140	1
0182	0632	0144	1
0159	0710	0140	1
0195	0770	0146	1
0053	0839	0142	1
0043	0874	0139	1
0274	0778	0154	1
0215	0804	0166	1
0420	0736	0168	1
0206	0824	0176	1
0140	0848	0185	1
0187	0928	0169	1
0227	0952	0160	1
0468	0978	0159	1
0180	1042	0169	1
0133	0948	0160	1
0288	0912	0162	1
0189	1060	0176	1
0232	1031	0178	1
0370	1058	0188	1
0203	1084	0191	1
0221	1141	0199	1
0462	1190	0212	1
0171	0985	0193	1
0349	0913	0179	1
0347	0886	0170	1
0217	0944	0165	1
0143	1126	0199	1
0197	1159	0190	1
0305	1208	0183	1
0260	1333	0200	1
0131	1304	0208	1
0131	0414	0216	2
0144	0351	0245	2
0196	1178	0216	0
0147	0392	0253	2
0265	0344	0254	2
0384	0388	0248	2
0178	0486	0234	2
0355	0524	0250	2
0325	0451	0254	2
0272	0476	0274	2
0055	0525	0271	2
0219	0637	0272	2
0332	0602	0271	2
0339	0706	0256	2
0273	0698	0235	2
0252	0772	0231	2
0209	0840	0200	2
0189	0934	0224	2
0298	0954	0216	2
0303	0998	0210	2
0185	1133	0188	2
0151	1109	0165	0
0159	1101	0142	0
0350	1147	0139	0
0335	1223	0175	2
0352	1204	0202	2
0330	1278	0220	2
0379	1402	0235	2
0179	1458	0222	2
0153	0426	0271	3
0211	0332	0274	3
0288	0380	0310	3
0231	0385	0298	3
0198	0461	0262	3
0197	0467	0228	3
0277	0480	0273	3
0217	0540	0272	3
0246	0609	0263	3
0190	0574	0275	3
0390	0654	0274	3
0204	0636	0270	3
0029	0695	0269	3
0295	0746	0246	3
0275	0812	0251	3
0237	0873	0253	3
0340	0872	0242	3
0313	0985	0254	3
0193	0980	0284	3
0203	1047	0274	3
0228	1088	0200	0
0133	1119	0247	3
0248	1183	0268	3
0188	1253	0198	0
0134	1203	0246	3
0256	1266	0264	3
0237	1356	0255	3
0325	1410	0263	3
0175	1458	0279	3
0222	0419	0381	4
0115	0372	0394	4
0221	0370	0365	4
0358	0362	0436	4
0257	0363	0362	4
0303	0402	0376	4
0226	0470	0368	4
0175	0526	0344	4
0380	0620	0321	4
0229	0716	0311	4
0211	0739	0323	4
0254	0799	0324	4
0331	0839	0327	4
0226	0898	0327	4
0297	0956	0340	4
0495	1034	0361	4
0234	1092	0372	4
0354	1146	0382	4
0271	1182	0381	4
0202	1197	0390	4
0401	1140	0385	4
0276	1174	0388	4
0381	1223	0396	4
0180	1261	0399	4
0117	1300	0407	4
0321	1350	0403	4
0156	0938	0435	0
0121	0472	0466	5
0446	0332	0442	5
0105	0371	0423	5
0157	0351	0430	5
0074	0338	0428	5
0244	0392	0391	5
0257	0441	0410	5
0214	0397	0423	5
0178	0463	0437	5
0154	0469	0450	5
0271	0526	0443	5
0314	0582	0433	5
0163	0606	0443	5
0394	0648	0449	5
0170	0726	0464	5
0240	0695	0460	5
0201	0770	0446	5
0142	0832	0437	5
0307	0904	0424	5
0043	0911	0408	5
0445	0887	0392	5
0198	0961	0412	5
0446	1000	0408	5
0196	1038	0401	5
0197	1068	0427	5
0177	1169	0409	5
0273	1141	0418	5
0243	1245	0435	5
0182	1165	0436	5
0196	1199	0436	5
0172	1336	0431	5
0123	1384	0420	5
0150	1289	0420	5
0135	1359	0437	5
0340	1413	0450	5
0243	1406	0463	5
0087	1429	0467	5
0102	0543	0488	6
0192	0354	0513	6
0369	0354	0513	6
0276	0448	0528	6
0134	0498	0529	6
0731	0456	0534	6
0293	0472	0532	6
0211	0442	0545	6
0295	0472	0547	6
0331	0518	0547	6
0236	0607	0551	6
0227	0589	0552	6
0267	0635	0565	6
0318	0677	0561	6
0192	0699	0560	6
0101	0768	0557	6
0202	0789	0559	6
1657	0772	0526	6
0164	0718	0530	6
0277	0794	0522	6
0097	0852	0508	6
0299	0879	0499	6
0324	0964	0482	6
0262	0962	0486	6
0526	1079	0499	6
0148	1149	0506	6
0351	1077	0513	6
0516	1109	0525	6
0137	1139	0534	6
0179	1199	0540	6
0349	1280	0539	6
0354	1329	0530	6
0098	0448	0573	7
0302	0326	0591	7
0288	0362	0578	7
0286	0436	0576	7
0224	0510	0586	7
0266	0480	0603	7
0305	0532	0607	7
0206	0565	0610	7
0586	0610	0606	7
0652	0659	0606	7
0145	0671	0621	7
0126	0682	0627	7
0203	0629	0623	7
0440	0752	0600	7
0262	0772	0602	7
0291	0871	0612	7
0158	0967	0587	7
0139	0930	0572	7
0144	0888	0563	7
0269	0946	0536	7
0540	0981	0517	7
0306	1039	0508	7
0428	1138	0524	7
0370	1235	0537	7
0645	1288	0544	7
0346	1324	0563	7
0056	1306	0573	7
0317	1385	0572	7
0131	1442	0576	7
0141	0433	0614	8
0292	0318	0647	0
0584	0378	0615	0
0238	0328	0646	0
0167	0335	0662	0
0328	0342	0675	0
0591	0387	0686	0
0263	0350	0674	0
0177	0398	0675	0
0294	0499	0674	0
0145	0504	0690	0
0128	0525	0647	0
0101	0550	0610	8
0316	0492	0614	8
0281	0463	0602	8
0218	0484	0594	8
0200	0513	0595	8
0171	0577	0588	8
0633	0636	0599	8
0206	0682	0600	8
0381	0760	0603	8
0133	0732	0606	8
0263	0812	0601	8
0088	0875	0598	8
0188	0800	0577	8
0243	0793	0596	8
0430	0876	0606	8
0500	0922	0614	8
0191	1078	0610	8
0323	1039	0626	8
0393	1085	0620	8
0297	1142	0613	8
0253	1293	0603	8
0196	1238	0626	8
0198	1328	0620	8
0185	1296	0624	8
0092	1296	0608	8
0190	1406	0613	8
0114	1458	0614	8
0134	0417	0703	9
0184	0334	0700	9
0617	0344	0667	9
0556	0425	0704	9
0139	0480	0716	9
0313	0548	0720	9
0494	0576	0715	9
0200	0545	0712	9
0640	0596	0722	9
0287	0620	0725	9
0108	0592	0730	9
0261	0529	0736	9
0169	0709	0733	9
0309	0680	0738	9
0218	0764	0726	9
0153	0858	0711	9
0224	0963	0684	9
0264	0941	0679	9
0752	0986	0685	9
0508	0946	0707	9
0489	0906	0728	9
0436	0940	0726	9
0194	0932	0726	9
0279	0956	0713	9
0560	0996	0712	9
0291	1056	0716	9
0324	1138	0724	9
0257	1119	0731	9
0184	1135	0724	9
0184	1160	0715	9
0153	1279	0708	9
0380	1345	0697	9
0313	1404	0682	9
0208	1469	0676	9
0136	0397	0756	10
0417	0331	0752	10
0398	0422	0744	10
0213	0539	0493	0
0139	0364	0236	0
0265	0333	0165	0
0194	0363	0160	0
0386	0437	0163	0
0174	0597	0171	0
0425	0548	0181	0
