0331	0373	0152	1
0253	0471	0155	1
0261	0592	0157	1
0223	0729	0148	1
0188	0805	0147	1
0199	0955	0150	1
0238	0985	0152	1
0201	1116	0144	1
0205	1159	0143	1
0218	1267	0146	1
0139	1333	0157	1
0172	1449	0160	1
0088	0582	0210	2
0279	0390	0206	2
0153	0559	0209	2
0253	0362	0200	2
0180	0398	0203	2
0283	0587	0209	2
0302	0649	0207	2
0236	0806	0207	2
0401	0947	0202	2
0157	0879	0206	2
0347	1047	0208	2
0305	1205	0208	2
0216	1292	0217	2
0394	1363	0225	2
0147	1284	0230	2
0214	1405	0230	2
0101	0890	0289	0
0080	0482	0288	3
0292	0414	0306	3
0310	0593	0294	3
0186	0474	0283	3
0222	0668	0281	3
0271	0727	0278	3
0279	0872	0276	3
0283	0953	0275	3
0158	1040	0272	3
0486	1113	0272	3
0216	1231	0266	3
0149	1291	0272	3
0258	1391	0281	3
0177	1373	0281	3
0148	1470	0286	3
0086	0635	0336	4
0169	0390	0340	4
0139	1422	0276	3
0263	1476	0275	3
0152	1458	0278	3
0091	0563	0334	4
0112	0368	0349	4
0154	0381	0336	4
0370	0456	0342	4
0027	0421	0340	4
0209	0569	0342	4
0123	0639	0342	4
0185	0696	0338	4
0168	0801	0338	4
0125	0784	0330	4
0357	0706	0336	4
0167	0689	0340	4
0415	0817	0331	4
0280	0708	0335	4
0204	0840	0340	4
0126	0799	0347	4
0207	0676	0342	4
0220	0954	0337	4
0165	1020	0332	4
0278	1106	0337	4
0248	1254	0337	4
0191	1327	0342	4
0167	1418	0342	4
0195	1459	0350	4
0300	1396	0337	4
0272	1476	0345	4
0167	1386	0339	4
0272	1337	0346	4
0245	1456	0348	4
0204	1475	0350	4
0163	0912	0405	0
0135	0527	0397	5
0156	0392	0409	5
0168	0375	0412	5
0250	0507	0412	5
0195	0684	0417	5
0187	0734	0408	5
0229	0909	0411	5
0160	0971	0401	5
0231	1086	0404	5
0154	1178	0404	5
0239	1255	0401	5
0283	1166	0399	5
0172	1086	0400	5
0297	1243	0398	5
0446	1344	0402	5
0121	0900	0463	0
0120	0596	0447	6
0511	0390	0458	6
0265	0509	0457	6
0147	0664	0465	6
0219	0637	0466	6
0243	0738	0476	6
0306	0863	0473	6
0215	0982	0477	6
0266	1142	0474	6
0269	1293	0480	6
0191	1327	0483	6
0280	1446	0478	6
0112	0992	0500	0
0123	0560	0538	7
0134	0400	0532	7
0314	0348	0526	7
0233	0439	0535	7
0167	0538	0537	7
0207	0593	0533	7
0159	0673	0535	7
0209	0782	0540	7
0328	0876	0540	7
0222	1045	0537	7
0226	1116	0537	7
0356	1285	0547	7
0112	1353	0544	7
0404	1445	0547	7
0419	1507	0549	7
0190	0955	0580	0
0073	0839	0609	8
0118	0484	0601	8
0232	0354	0611	8
0280	0516	0602	8
0215	0476	0609	8
0285	0676	0604	8
0188	0805	0608	8
0169	0855	0609	8
0258	0978	0610	8
0174	0958	0608	8
0239	1133	0605	8
0150	1196	0609	8
0140	1252	0612	8
0323	1360	0618	8
0117	1518	0623	8
0042	0684	0650	0
0053	0451	0664	9
0164	0330	0672	9
0155	0366	0675	9
0182	0484	0675	9
0164	0550	0675	9
0119	0614	0675	9
0492	0802	0670	9
0155	0840	0673	9
0213	1003	0674	9
0219	1140	0679	9
0289	1267	0684	9
0399	1374	0681	9
0061	1449	0679	9
0108	1472	0694	9
0108	0627	0718	10
0219	0372	0732	10
0199	0485	0743	10
0092	0559	0739	10
0211	0729	0742	10
0144	0689	0745	10
0237	0804	0744	10
0209	0980	0737	10
0162	1035	0741	10
0222	1201	0736	10
0141	1254	0745	10
0371	1346	0742	10
0189	1259	0744	10
0279	1177	0741	10
0199	1250	0740	10
0177	1356	0741	10
0217	1256	0741	10
0471	1247	0737	10
0280	1173	0739	10
0264	1186	0736	10
0033	1164	0736	10
0164	1024	0741	10
0201	0970	0741	10
0116	1041	0746	10
0083	1216	0741	10
0226	1378	0745	10
0179	1354	0745	10
0159	1425	0745	10
0099	0479	0778	11
0299	0352	0804	11
0136	0389	0804	11
0395	0542	0808	11
0117	0610	0803	11
0178	0723	0807	11
0166	0851	0809	11
0159	0923	0802	11
0163	1010	0802	11
0303	1137	0797	11
0316	1336	0807	11
0181	1240	0802	11
0189	1359	0807	11
0159	1516	0800	11
0116	0508	0848	12
0395	0389	0874	12
0173	0518	0874	12
0297	0615	0870	12