0206	0354	0140	1
0112	0450	0151	1
0149	0425	0150	1
0133	0575	0137	1
0186	0557	0142	1
0162	0594	0143	1
0056	0670	0146	1
0213	0511	0150	1
0157	0605	0136	1
0172	0670	0146	1
0139	0760	0149	1
0185	0838	0153	1
0155	0961	0163	1
0144	0986	0162	1
0145	1014	0169	1
0143	1155	0182	1
0119	1122	0182	1
0207	0977	0164	1
0275	1004	0171	1
0168	0991	0169	1
0152	1042	0172	1
0642	1138	0181	1
0164	1187	0188	1
0343	1272	0191	1
0233	1379	0203	1
0226	1409	0196	1
0126	1448	0194	1
0111	0457	0191	2
0179	0370	0216	2
0286	0460	0216	2
0194	0621	0216	2
0189	0594	0220	2
0538	0713	0217	2
0121	0700	0250	2
0147	0822	0223	2
0098	0872	0228	2
0330	0919	0230	2
0179	1008	0240	2
0152	0985	0238	2
0181	1076	0246	2
0174	1121	0249	2
0161	1014	0238	2
0145	1037	0238	2
0245	1220	0249	2
0222	1275	0252	2
0162	1351	0252	2
0232	1398	0252	2
0185	1522	0257	2
0349	1484	0258	2
0165	1268	0300	2
0209	1422	0242	2
0112	1492	0261	2
0168	0999	0290	0
0119	0686	0278	3
0127	0459	0272	3
0119	0414	0282	3
0168	0373	0290	3
0193	0470	0284	3
0433	0614	0286	3
0163	0679	0284	3
0143	0716	0287	3
0213	0840	0291	3
0167	0924	0294	3
0125	1008	0302	3
0142	1061	0302	3
0172	1107	0304	3
0148	1079	0302	3
0171	1237	0318	3
0124	1201	0314	3
0155	1244	0316	3
0172	1347	0325	3
0135	1375	0320	3
0250	1460	0314	3
0120	1001	0320	0
0111	0681	0339	4
0104	0487	0352	4
0175	0396	0358	4
0307	0419	0360	4
0272	0516	0355	4
0189	0388	0352	4
0271	0533	0350	4
0418	0570	0351	4
0259	0658	0355	4
0112	0702	0344	4
0304	0670	0361	4
0181	0684	0351	4
0380	0672	0351	4
0260	0678	0343	4
0157	0755	0327	4
0155	0781	0337	4
0178	0850	0346	4
0118	1016	0354	4
0230	0962	0354	4
0279	1006	0354	4
0179	1046	0360	4
0157	0993	0356	4
0145	1048	0357	4
0162	1093	0362	4
0163	1190	0366	4
0157	1228	0372	4
0159	1255	0374	4
0173	1354	0382	4
0058	1384	0380	4
0142	1438	0378	4
0268	1492	0382	4
0105	1036	0413	0
0069	0673	0402	5
0098	0438	0418	5
0426	0371	0412	5
0160	0440	0404	5
0216	0558	0405	5
0118	0608	0407	5
0616	0667	0414	5
0234	0567	0413	5
0134	0654	0411	5
0180	0707	0412	5
0166	0752	0411	5
0138	0817	0414	5
0138	0894	0416	5
0160	0940	0420	5
0145	1033	0424	5
0208	1104	0431	5
0157	1174	0435	5
0043	1236	0440	5
0224	1264	0443	5
0154	1223	0440	5
0104	1275	0441	5
0165	1328	0443	5
0161	1378	0438	5
0116	0861	0484	0
0107	0484	0478	6
0159	0385	0480	6
0135	0471	0472	6
0157	0532	0474	6
0198	0637	0474	6
0155	0760	0476	6
0333	0841	0474	6
0166	0868	0479	6
0306	0983	0479	6
0569	0989	0475	6
0181	1045	0472	6
0219	0975	0473	6
0190	1087	0476	6
0242	1074	0477	6
0150	1091	0481	6
0187	1119	0482	6
0145	1193	0482	6
0168	1222	0488	6
0183	1302	0491	6
0050	1337	0500	6
0342	1412	0506	6
0120	0672	0529	7
0137	0383	0548	7
0170	0362	0544	7
0144	0518	0537	7
0250	0461	0545	7
0186	0559	0542	7
0143	0679	0545	7
0061	0733	0548	7
0138	0768	0560	7
0137	0815	0559	7
0142	0879	0551	7
0167	0915	0554	7
0139	1024	0552	7
0170	1064	0557	7
0223	1156	0554	7
0256	1191	0556	7
0231	1322	0562	7
0126	1362	0563	7
0163	1433	0570	7
0085	0611	0598	8
0106	0443	0627	8
0479	0384	0618	8
0254	0510	0610	8
0170	0485	0615	8
0372	0672	0612	8
0150	0724	0604	8
0132	0815	0603	8
0111	0904	0595	8
0162	0929	0604	8
0178	1031	0609	8
0238	1064	0612	8
0189	1177	0610	8
0152	1248	0620	8
0164	1294	0624	8
0296	1406	0618	8
0180	1454	0627	8
0124	0607	0673	9
0146	0484	0686	9
0145	0391	0693	9
0140	0402	0683	9
0144	0506	0687	9
0366	0610	0688	9
0145	0664	0692	9
0210	0757	0680	9
0197	0860	0671	9
0199	0929	0670	9
0315	0854	0668	9
0298	0889	0666	9
0330	0942	0667	9
0142	0987	0668	9
0155	1072	0671	9
0204	1136	0674	9
0174	1158	0682	9
0165	1281	0683	9
0150	1320	0692	9
0191	1388	0690	9
0113	1324	0688	9
0115	1422	0687	9
0103	0470	0762	10
0166	0370	0741	10
0159	0409	0738	10
0046	0466	0736	10
0146	0574	0746	10
0223	0630	0754	10
0172	0742	0755	10
0118	0753	0754	10
0278	0814	0753	10
0160	0962	0744	10
0208	1055	0748	10
0197	0991	0739	10
0099	0662	0175	0
0129	0452	0148	0
0277	0394	0149	0
0159	0546	0145	0
0224	0626	0152	0
0101	0677	0156	0
0152	0863	0163	0
0143	0968	0157	0
0139	1001	0169	0
0156	1175	0175	0
0130	1304	0174	0
0204	1442	0164	0
0151	0480	0213	0
0185	0435	0217	0
0283	0700	0203	0
0166	0894	0215	0
0109	0965	0219	0
0148	1080	0232	0
0219	1129	0234	0
0153	1259	0248	0
0136	1308	0254	0
0322	1375	0260	0
0175	1488	0257	0
0104	0471	0294	0
0164	0383	0294	0
0149	0668	0298	0