0075	0552	0144	1
0045	0484	0185	1
0510	0403	0177	1
0166	0498	0167	1
0128	0488	0174	1
0138	0585	0171	1
0281	0681	0166	1
0138	0772	0167	1
0211	0862	0163	1
0105	0842	0174	1
0165	0952	0181	1
0153	0985	0186	1
0175	1033	0179	1
0417	1098	0177	1
0438	1235	0170	1
0166	1318	0185	1
0065	1374	0210	1
0136	0501	0244	2
0134	0436	0261	2
0290	0414	0264	2
0224	0484	0251	2
0160	0515	0246	2
0293	0603	0246	2
0164	0662	0244	2
0135	0718	0245	2
0259	0788	0249	2
0183	0906	0248	2
0201	0940	0249	2
0591	1070	0254	2
0178	1180	0253	2
0161	1165	0253	2
0236	1241	0257	2
0255	1377	0261	2
0100	0535	0289	3
0159	0419	0314	3
0170	0389	0319	3
0203	0458	0317	3
0175	0571	0312	3
0190	0610	0313	3
0302	0701	0316	3
0267	0838	0319	3
0270	0932	0313	3
0256	1058	0315	3
0291	1080	0315	3
0250	1102	0315	3
0263	1134	0318	3
0246	1226	0324	3
0169	1256	0328	3
0260	1335	0332	3
0109	1414	0310	3
0103	0431	0348	4
0309	0388	0370	4
0174	0523	0365	4
0226	0547	0366	4
0346	0760	0370	4
0445	0883	0374	4
0059	0919	0375	4
0284	1006	0369	4
0150	1030	0363	4
0184	1112	0361	4
0191	1144	0366	4
0301	1279	0374	4
0205	1321	0378	4
0137	1357	0381	4
0230	1453	0387	4
0140	1478	0382	4
0113	0782	0372	0
0147	0413	0404	5
0222	0388	0425	5
0208	0458	0418	5
0137	0505	0414	5
0229	0580	0418	5
0184	0668	0420	5
0160	0770	0425	5
0324	0854	0426	5
0242	0996	0424	5
0247	1016	0423	5
0177	1052	0422	5
0143	1078	0425	5
0241	1169	0428	5
0321	1190	0433	5
0071	1217	0434	5
0330	1297	0436	5
0569	1382	0433	5
0174	1304	0431	5
0173	1380	0440	5
0159	1430	0439	5
0105	0547	0462	6
0255	0389	0483	6
0159	0425	0483	6
0268	0464	0481	6
0286	0588	0485	6
0272	0756	0486	6
0321	0796	0485	6
0150	0983	0493	6
0128	0958	0495	6
0138	0997	0493	6
0292	1088	0485	6
0201	1120	0490	6
0108	1143	0496	6
0185	1256	0498	6
0111	1282	0494	6
0167	1365	0491	6
0059	0607	0521	7
0071	0480	0532	7
0360	0384	0542	7
0237	0533	0532	7
0165	0687	0537	7
0193	0664	0534	7
0452	0795	0533	7
0259	0968	0530	7
0167	1000	0532	7
0293	1064	0536	7
0222	1136	0538	7
0162	1090	0539	7
0127	1068	0540	7
0209	1148	0542	7
0426	1184	0544	7
0181	1129	0542	7
0259	1176	0547	7
0288	1075	0551	7
0181	1112	0548	7
0201	1136	0551	7
0562	1205	0556	7
0136	1268	0554	7
0212	1208	0560	7
0303	1271	0557	7
0174	1305	0560	7
0171	1404	0568	7
0098	0477	0620	8
0382	0378	0623	8
0224	0496	0608	8
0181	0559	0603	8
0182	0593	0609	8
0445	0723	0618	8
0234	0811	0617	8
0147	0853	0618	8
0169	0912	0618	8
0382	1028	0617	8
0196	0932	0611	8
0404	1017	0618	8
0325	1136	0625	8
0180	1213	0628	8
0284	1322	0623	8
0132	1360	0631	8
0160	1444	0633	8
0126	0389	0644	9
0441	0364	0676	9
0218	0532	0685	9
0135	0498	0685	9
0182	0555	0683	9
0209	0680	0676	9
0161	0702	0676	9
0291	0787	0675	9
0248	0914	0667	9
0138	0939	0669	9
0280	1059	0677	9
0164	1046	0672	9
0366	1205	0676	9
0075	1243	0678	9
0264	1314	0690	9
0234	1379	0690	9
0203	1432	0691	9
0112	0511	0726	10
0294	0393	0748	10
0206	0526	0727	10
0177	0564	0731	10
0233	0620	0732	10
0128	0667	0734	10
0259	0714	0731	10
0444	0626	0730	0