0076	0388	0137	1
0205	0412	0135	1
0239	0451	0133	1
0147	0517	0130	1
0242	0575	0132	1
0246	0671	0131	1
0327	0579	0134	1
0251	0636	0140	1
0227	0699	0143	1
0175	0736	0134	1
0415	0639	0141	1
0169	0741	0130	1
0503	0807	0119	1
0219	0890	0116	1
0477	0962	0126	1
0202	1027	0114	1
0420	1147	0120	1
0293	1209	0119	1
0180	1289	0119	1
0186	1269	0119	1
0187	1392	0123	1
0136	0533	0189	2
0195	0392	0186	2
0278	0493	0195	2
0316	0413	0201	2
0351	0554	0198	2
0517	0628	0189	2
0361	0764	0189	2
0291	0855	0184	2
0254	0941	0192	2
0298	1031	0195	2
0192	1073	0185	2
0172	1204	0169	2
0255	1158	0177	2
0233	1231	0180	2
0447	1375	0179	2
0238	1489	0178	2
0187	0512	0265	3
0246	0393	0256	3
0182	0399	0275	3
0274	0519	0265	3
0307	0628	0264	3
0226	0675	0261	3
0313	0806	0258	3
0137	0871	0254	3
0380	0936	0258	3
0239	1024	0256	3
0222	0652	0260	3
0255	1064	0251	3
0215	1229	0246	3
0220	1182	0243	3
0180	1088	0251	3
0156	1135	0244	3
0288	1209	0241	3
0277	1253	0234	3
0214	1392	0239	3
0190	1354	0246	3
0219	1422	0232	3
0411	1481	0243	3
0394	1447	0244	3
0177	1569	0242	3
0221	1542	0248	3
0223	0713	0303	4
0147	0461	0321	4
0272	0411	0326	4
0214	0519	0328	4
0425	0616	0332	4
0346	0719	0325	4
0178	0813	0324	4
0154	0870	0330	4
0251	0928	0327	4
0159	0960	0321	4
0143	1063	0312	4
0164	1032	0320	4
0296	1184	0307	4
0533	1099	0324	4
0144	1036	0328	4
0188	1326	0310	4
0256	1299	0310	4
0186	1358	0306	4
0333	1427	0314	4
0309	1340	0304	4
0214	1525	0319	4
0243	1503	0313	0
0155	0830	0330	5
0150	0457	0379	5
0326	0409	0390	5
0229	0421	0392	5
0249	0469	0396	5
0254	0431	0401	5
0304	0562	0391	5
0231	0592	0398	5
0303	0525	0399	5
0630	0605	0394	5
0164	0742	0388	5
0323	0699	0397	5
0408	0722	0388	5
0311	0696	0387	5
0281	0722	0395	5
0470	0739	0396	5
0131	0776	0391	5
0389	0698	0403	5
0273	0720	0398	5
0243	0694	0404	5
0231	0710	0399	5
0292	0721	0396	5
0333	0747	0396	5
0233	0766	0399	5
0396	0836	0399	5
0227	0901	0387	5
0313	0828	0381	5
0173	0948	0365	5
0166	0974	0386	5
0270	1029	0387	5
0225	0971	0393	5
0105	0993	0390	5
0327	1060	0395	5
0244	1133	0392	5
0215	1194	0392	5
0254	1270	0390	5
0238	1299	0384	5
0218	1407	0391	5
0227	1354	0384	5
0309	1524	0396	5
0147	0597	0440	6
0325	0416	0466	6
0580	0554	0474	6
0261	0653	0462	6
0269	0729	0460	6
0161	0772	0460	6
0202	0930	0446	6
0262	0899	0457	6
0210	1046	0464	6
0404	1113	0459	6
0271	1177	0453	6
0322	1232	0460	6
0165	1300	0453	6
0280	1366	0455	6
0242	1493	0459	6
0333	1450	0456	6
0185	1575	0487	6
0141	0586	0514	7
0253	0402	0531	7
0301	0471	0533	7
0421	0558	0540	7
0223	0656	0528	7
0284	0742	0537	7
0271	0883	0531	7
0709	0990	0523	7
0198	1073	0531	7
0220	0915	0516	7
0245	0858	0517	7
0179	0986	0520	7
0244	0961	0516	7
0251	1024	0528	7
0162	1016	0521	7
0085	1069	0523	7
0203	0741	0528	7
0234	0800	0521	7
0142	0623	0532	7
0262	0658	0536	7
0199	0952	0536	7
0203	1201	0526	7
0187	1165	0518	7
0196	1322	0504	7
0221	1404	0509	7
0249	1482	0514	7
0251	1562	0523	7
0173	0591	0592	8
0304	0405	0586	8
0250	0515	0582	8
0240	0662	0589	8
0241	0575	0585	8
0291	0543	0584	8
0438	0567	0587	8
0351	0593	0587	8
0435	0624	0590	8
0205	0653	0595	8
0181	0788	0598	8
0189	0748	0595	8
0202	0933	0576	8
0348	0894	0593	8
0245	1042	0578	8
0171	1120	0579	8
0259	1151	0581	8
0216	1280	0579	8
0173	1250	0589	8
0205	1206	0576	8
0281	1265	0587	8
0202	1352	0587	8
0186	1413	0579	8
0274	1500	0590	8
0146	0554	0597	0
0213	0396	0644	9
0210	0464	0638	9
0265	0568	0656	9
0181	0717	0646	9
0352	0678	0654	9
0393	0878	0655	9
0325	0818	0652	9
0179	0926	0644	9
0181	1026	0646	9
0189	0992	0649	9
0539	1143	0642	9
0285	1111	0645	9
0395	1254	0637	9
0276	1362	0640	9
0333	1451	0645	9
0191	1546	0647	9
0171	0498	0713	10
0212	0386	0728	10
0483	0419	0726	10
0307	0389	0720	10
0233	0483	0722	10
0399	0543	0724	10
0146	0575	0719	10
0160	0628	0723	10
0310	0702	0721	10
0170	0766	0703	10
0357	0816	0714	10
0387	0836	0719	10
0284	0864	0712	10
0205	0926	0728	10
0229	1019	0725	10
0313	1183	0720	10
0279	1334	0711	10
0270	1399	0712	10
0147	1456	0716	10
0201	1544	0724	10
0148	0446	0753	11
0197	0380	0768	11
0451	0446	0782	11
0203	0595	0779	11
0361	0770	0786	11
0258	0621	0786	11
0161	0651	0792	11
0169	0430	0738	10
0136	0435	0722	10
0268	0528	0718	10
0230	0610	0714	10
0154	0664	0721	10
0279	0703	0719	10
0386	0811	0726	10
0222	0919	0713	10
0381	1007	0721	10
0249	1105	0708	10
0275	1176	0713	10
0264	1276	0708	10
0351	1327	0706	10
0599	1442	0711	10
0141	1499	0722	10
0106	1545	0718	10
0178	0422	0768	10
0215	0392	0784	10
0252	0529	0789	10
0157	0647	0780	10