0284	0355	0135	1
0147	0406	0142	1
0300	0516	0152	1
0284	0634	0155	1
0237	0786	0153	1
0164	0753	0165	1
0159	0822	0167	1
0298	1014	0169	1
0149	1006	0168	1
0280	1134	0190	1
0296	1281	0206	1
0163	1352	0216	1
0066	1396	0224	1
0148	0462	0224	2
0216	0406	0223	2
0283	0536	0214	2
0324	0676	0219	2
0253	0829	0224	2
0235	0935	0228	2
0210	1090	0242	2
0056	0942	0231	2
0251	0836	0227	2
0181	1011	0225	2
0225	1077	0240	2
0237	1170	0248	2
0451	0986	0226	2
0124	1120	0249	2
0230	1317	0266	2
0184	1398	0274	2
0091	1437	0280	2
0254	0396	0301	3
0230	0497	0280	3
0358	0553	0276	3
0170	0670	0281	3
0242	0777	0283	3
0185	0722	0289	3
0267	0922	0287	3
0205	1069	0307	3
0172	1157	0299	3
0285	1267	0309	3
0209	1388	0327	3
0208	0389	0334	4
0219	0528	0354	4
0154	0671	0343	4
0149	0743	0342	4
0157	0815	0346	4
0514	0930	0348	4
0253	1048	0356	4
0235	1165	0370	4
0251	1303	0372	4
0239	0388	0396	5
0152	0452	0398	5
0548	0571	0401	5
0220	0714	0401	5
0212	0828	0406	5
0413	0887	0406	5
0217	1028	0411	5
0159	1129	0419	5
0167	1179	0423	5
0206	1380	0436	5
0302	0414	0469	6
0239	0584	0462	6
0358	0728	0460	6
0139	0794	0457	6
0164	0907	0472	6
0230	1062	0478	6
0134	1037	0473	6
0189	1273	0473	6
0400	1326	0479	6
0171	1377	0483	6
0154	1459	0491	6
0341	0393	0535	7
0256	0542	0541	7
0245	0489	0541	7
0233	0668	0540	7
0329	0787	0544	7
0448	0862	0552	7
0169	0836	0555	7
0313	1006	0557	7
0252	1112	0551	7
0277	1252	0544	7
0225	1398	0544	7
0115	0394	0626	8
0284	0416	0620	8
0434	0604	0621	8
0204	0659	0613	8
0258	0842	0605	8
0172	0900	0604	8
0228	1072	0605	8
0304	1173	0593	8
0213	1333	0585	8
0140	1309	0588	8
0105	1430	0588	8
0192	0426	0661	9
0184	0471	0664	9
0182	0650	0669	9
0167	0753	0672	9
0252	1010	0657	9
0283	1180	0654	9
0248	1300	0652	9
0222	1420	0653	9
0154	1457	0655	9
0119	0310	0744	0
0204	0394	0737	10
0327	0516	0732	10
0306	0664	0734	10
0299	0756	0735	10
0144	0816	0730	10
0252	0965	0725	10
0246	1138	0722	10
0239	1223	0720	10
0272	1344	0717	10
0196	1464	0719	10
0170	0422	0800	11
0178	0375	0794	11
0220	0477	0793	11
0193	0591	0796	11
0230	0769	0806	11
0300	0901	0804	11
0265	1042	0780	11
0143	0874	0808	11
0157	0922	0804	11
0323	1136	0798	11
0299	1244	0788	11