0056	0371	0128	1
0266	0368	0127	1
0089	0483	0135	1
0206	0460	0152	1
0149	0445	0153	1
0268	0560	0147	1
0195	0736	0147	1
0221	0673	0143	1
0191	0974	0156	1
0313	0868	0146	1
0150	1015	0163	1
0201	0809	0149	1
0238	0774	0152	1
0188	0895	0179	1
0243	0871	0175	1
0218	1030	0191	1
0174	1109	0205	1
0184	1147	0205	1
0368	1089	0187	1
0147	1186	0212	1
0388	1246	0219	1
0262	1220	0229	1
0159	1334	0213	1
0272	1365	0203	1
0132	1420	0202	1
0148	0452	0215	2
0279	0402	0211	2
0151	0629	0211	2
0258	0534	0204	2
0247	0511	0211	2
0275	0703	0214	2
0283	0960	0220	2
0200	0835	0232	2
0068	0859	0230	2
0224	1064	0251	2
0129	1097	0253	2
0217	1137	0256	2
0086	1222	0262	2
0224	1265	0268	2
0182	1309	0250	2
0295	1280	0264	2
0429	1417	0264	2
0211	1467	0269	2
0336	1281	0269	2
0261	1304	0266	2
0173	1432	0263	2
0140	0376	0298	3
0134	0399	0284	3
0190	0467	0273	3
0152	0562	0274	3
0168	0540	0279	3
0220	0658	0271	3
0141	0639	0276	3
0345	0815	0277	3
0159	0838	0275	3
0209	0784	0274	3
0159	0672	0269	3
0181	0709	0271	3
0160	0968	0286	3
0139	0983	0288	3
0106	1033	0286	3
0195	0906	0280	3
0258	0986	0285	3
0285	1052	0289	3
0244	1164	0304	3
0113	1150	0304	3
0172	1290	0311	3
0148	0486	0305	0
0287	0388	0332	4
0280	0404	0333	4
0079	0432	0340	4
0141	1368	0323	3
0179	1319	0317	3
0228	1237	0309	3
0098	0512	0366	0
0102	0513	0339	4
0132	0592	0336	4
0216	0560	0333	4
0257	0637	0331	4
0291	0699	0338	4
0246	0744	0340	4
0187	0776	0354	4
0179	0906	0358	4
0259	0892	0365	4
0170	0991	0364	4
0166	1037	0364	4
0393	0979	0367	4
0174	1117	0374	4
0230	1158	0377	4
0360	1242	0378	4
0174	1135	0372	4
0165	1307	0377	4
0199	1346	0383	4
0186	1406	0379	4
0174	1474	0371	4
0136	1538	0370	4
0141	0454	0416	5
0263	0379	0398	5
0186	0474	0388	5
0245	0594	0387	5
0165	0660	0384	5
0185	0766	0392	5
0215	0787	0394	5
0165	0912	0393	5
0190	0881	0394	5
0211	0980	0396	5
0301	1048	0409	5
0292	1122	0408	5
0223	1193	0410	5
0253	1260	0411	5
0156	1460	0403	5
0147	0430	0438	6
0157	0359	0443	6
0226	0497	0445	6
0158	0443	0449	6
0223	0575	0446	6
0153	0540	0446	6
0174	0512	0447	6
0262	0495	0448	6
0243	0720	0444	6
0248	0644	0442	6
0173	0853	0449	6
0158	0811	0443	6
0155	0794	0444	6
0266	1018	0452	6
0239	1105	0463	6
0195	0965	0463	6
0150	0978	0452	6
0427	0999	0467	6
0324	0964	0469	6
0495	1016	0474	6
0207	1123	0475	6
0348	1198	0480	6
0100	1240	0481	6
0219	1190	0482	6
0299	1309	0483	6
0243	1427	0480	6
0151	1503	0471	6
0167	0396	0532	7
0280	0364	0518	7
0471	0476	0513	7
0394	0592	0512	7
0513	0704	0511	7
0487	0871	0513	7
0173	1075	0524	7
0347	1010	0518	7
0266	1124	0526	7
0273	1257	0541	7
0277	1321	0539	7
0125	1354	0539	7
0307	1463	0534	7
0130	1432	0538	7
0171	1466	0537	7
0139	0413	0573	8
0452	0370	0580	8
0158	0438	0581	8
0201	0476	0578	8
0296	0612	0570	8
0161	0662	0576	8
0244	0790	0579	8
0295	0751	0576	8
0063	0734	0575	8
0072	0811	0578	8
0156	0828	0586	8
0269	0791	0582	8
0139	0884	0581	8
0519	0939	0585	8
0119	0909	0583	8
0259	1014	0590	8
0153	1049	0592	8
0208	1004	0588	8
0454	1206	0594	8
0551	1134	0591	8
0179	1179	0595	8
0281	1217	0592	8
0156	1387	0598	8
0302	1353	0595	8
0139	1432	0603	8
0195	0541	0646	9
0231	0365	0654	9
0124	0398	0652	9
0171	0441	0652	9
0159	0522	0644	9
0170	0499	0649	9
0230	0605	0643	9
0191	0728	0647	9
0145	0703	0642	9
0211	0870	0645	9
0240	0812	0652	9
0199	1010	0667	9
0190	0948	0689	9
0080	0967	0658	9
0153	1145	0669	9
0205	1218	0670	9
0199	1233	0668	9
0318	1184	0664	9
0293	1136	0662	9
0176	1311	0669	9
0244	1342	0669	9
0193	1429	0670	9
0179	1493	0672	9
0224	0348	0723	10
0241	0409	0714	10
0359	0383	0721	10
0211	0496	0710	10
0103	0571	0714	10
0071	0548	0756	10
0140	0452	0703	10
0131	0496	0716	10
0205	0625	0723	10
0172	0713	0715	10
0258	0700	0721	10
0169	0907	0706	10
0313	0833	0719	10
0166	1088	0723	10
0128	1039	0716	10
0188	1023	0714	10
0157	1090	0718	10
0420	1161	0725	10
0291	1256	0727	10
0302	1360	0730	10
0130	1451	0737	10
0098	0569	0817	0
0262	0388	0798	11