0253	0374	0141	1
0203	0490	0158	1
0083	0479	0150	1
0267	0408	0148	1
0236	0592	0132	1
0271	0640	0133	1
0198	0464	0139	1
0186	0496	0133	1
0249	0598	0121	1
0177	0736	0130	1
0163	0848	0140	1
0089	0794	0140	1
0251	0768	0136	1
0173	0810	0138	1
0213	0926	0138	1
0689	0982	0136	1
0154	1155	0143	1
0198	1121	0146	1
0258	1004	0142	1
0198	0989	0143	1
0361	0924	0144	1
0164	1148	0134	1
0174	1129	0126	1
0210	1251	0115	1
0313	1271	0109	1
0344	1188	0108	1
0113	1218	0105	1
0291	1405	0106	1
0235	1448	0104	1
0159	1348	0089	1
0149	0398	0191	2
0174	0365	0168	2
0218	0502	0160	2
0359	0474	0171	2
0180	0618	0174	2
0234	0578	0184	2
0163	0732	0178	2
0461	0705	0175	2
0127	0841	0188	2
0145	0822	0183	2
0359	0842	0166	2
0076	0776	0176	2
0717	1063	0178	2
0458	1003	0184	2
0294	1098	0181	2
0596	1000	0192	2
0298	0937	0200	2
0136	0978	0198	2
0308	1036	0198	2
0185	1101	0196	2
0168	1042	0201	2
0168	1021	0203	2
0396	1118	0191	2
0249	1096	0181	2
0395	1133	0176	2
0186	1270	0180	2
0154	1232	0180	2
0078	1214	0182	2
0159	1194	0182	2
0319	1355	0182	2
0318	1336	0178	2
0277	1257	0182	2
0067	1296	0178	2
0216	1475	0177	2
0149	1496	0181	2
0122	0424	0278	0
0103	0395	0256	0
0206	0366	0233	3
0227	0475	0219	3
0275	0450	0224	3
0374	0594	0227	3
0148	0722	0243	3
0391	0661	0243	3
0510	0815	0235	3
0185	1011	0236	3
0209	1052	0231	3
0246	1059	0234	3
0496	1030	0245	3
0345	0950	0247	3
0151	0974	0256	3
0230	1143	0250	3
0486	1210	0240	3
0260	1352	0236	3
0299	1466	0231	3
0211	1449	0236	3
0154	0485	0333	0
0080	0370	0324	4
0643	0378	0276	4
0288	0519	0302	4
0511	0543	0309	4
0089	1438	0284	4
0174	1452	0201	3
0384	1475	0230	3
0066	0514	0286	4
0186	0396	0280	4
0315	0392	0298	4
0472	0514	0303	4
0205	0594	0315	4
0538	0571	0312	4
0270	0504	0313	4
0291	0722	0310	4
0157	0672	0303	4
0256	0637	0301	4
0166	0650	0296	4
0189	0770	0291	4
0355	0724	0292	4
0261	0755	0286	4
0230	0704	0289	4
0194	0738	0296	4
0340	0782	0300	4
0403	0750	0308	4
0360	0789	0312	4
0158	0844	0307	4
0170	0807	0313	4
0300	0787	0312	4
0019	1092	0246	0
0123	1083	0273	4
0300	1031	0284	4
0379	0960	0278	4
0343	1046	0278	4
0299	0942	0292	4
0167	1158	0294	4
0480	1224	0302	4
0438	1152	0301	4
0436	1238	0298	4
0356	1033	0300	4
0219	1330	0310	4
0405	1340	0306	4
0190	1443	0294	4
0281	1480	0295	4
0311	1419	0294	4
0126	0618	0343	5
0132	0448	0349	5
0138	0369	0354	5
0331	0337	0356	5
0206	0445	0361	5
0176	0433	0367	5
0171	0581	0365	5
0187	0558	0366	5
0254	0501	0366	5
0184	0702	0369	5
0196	0677	0368	5
0224	0663	0368	5
0302	0898	0364	5
0213	0908	0361	5
0302	0832	0356	5
0126	0861	0352	5
0281	0907	0353	5
0237	1088	0346	5
0220	1068	0346	5
0187	0982	0342	5
0180	1185	0339	5
0276	1239	0346	5
0674	1310	0343	5
0246	1397	0368	5
0083	0848	0439	0
0114	0753	0409	6
0171	0463	0404	6
0265	0329	0392	6
0177	0368	0392	6
0242	0498	0397	6
0238	0624	0398	6
0107	0605	0400	6
0216	0716	0403	6
0173	0696	0404	6
0452	0826	0407	6
0270	0975	0408	6
0299	0949	0415	6
0341	0908	0415	6
0287	1086	0407	6
0318	1132	0412	6
0442	1213	0414	6
0209	1328	0421	6
0183	1302	0422	6
0606	1442	0420	6
0169	0798	0485	7
0152	0569	0478	7
0059	0435	0466	7
0055	0402	0462	7
0420	0349	0459	7
0361	0469	0462	7
0412	0358	0465	7
0491	0344	0473	7
0195	0411	0473	7
0160	0489	0472	7
0243	0555	0473	7
0212	0651	0470	7
0206	0700	0472	7
0327	0769	0474	7
0314	0859	0468	7
0426	0641	0482	7
0146	0627	0482	7
0264	0728	0487	7
0212	0969	0488	7
0142	0867	0487	7
0169	0820	0485	7
0169	0780	0476	7
0320	1002	0475	7
0164	1039	0471	7
0084	0967	0475	7
0211	1185	0472	7
0180	1150	0470	7
0303	1132	0472	7
0154	1244	0465	7
0264	1340	0474	7
0250	1426	0478	7
0244	1407	0478	7
0154	0448	0504	0
0475	0341	0537	8
0519	0354	0536	8
0205	0484	0535	8
0193	0470	0541	8
0312	0456	0547	8
0179	0426	0547	8
0295	0484	0545	8
0225	0517	0548	8
0230	0440	0543	8
0280	0468	0536	8
0201	0565	0537	8
0196	0672	0532	8
0619	0636	0539	8
0238	0666	0535	8
0221	0758	0530	8
0195	0904	0535	8
0160	0858	0534	8
0305	1070	0529	8
0195	1029	0530	8
0177	0974	0535	8
0377	1184	0546	8
0187	1296	0552	8
0400	1272	0551	8
0168	1325	0552	8
0198	1440	0555	8
0262	1409	0562	8
0138	0474	0636	0
0133	0434	0619	9
0274	0347	0610	9
0248	0378	0606	9
0052	0486	0614	9
0220	1443	0530	8
0238	1374	0546	8
0154	1297	0545	8
0323	1335	0552	8
0298	1402	0550	8
0460	1444	0551	8
0144	1152	0584	0
0033	0938	0615	9
0166	0728	0587	9
0178	1381	0558	8
0252	1421	0546	8
0604	1398	0547	8
0336	1374	0545	8
0279	1401	0556	8
0467	1477	0550	8
0040	0638	0614	9
0119	0462	0564	0
0505	0378	0605	9
0173	0494	0607	9
0162	0630	0608	9
0145	0588	0615	9
0451	0556	0620	9
0110	0631	0619	9
0237	0725	0634	9
0255	0863	0636	9
0140	0890	0638	9
0158	0831	0648	9
0316	0812	0640	9
0318	0864	0624	9
0314	0904	0618	9
0253	0718	0624	9
0175	0657	0622	9
0328	0507	0615	9
0201	0454	0615	9
0229	0554	0617	9
0220	0437	0619	9
0287	0468	0616	9
0262	0485	0618	9
0251	0474	0621	9
0188	0581	0630	9
0230	0552	0626	9
0158	0693	0620	9
0285	0665	0619	9
0232	0726	0614	9
0214	0833	0615	9
0118	0878	0616	9
0204	0810	0623	9
0160	1069	0617	9
0298	1018	0620	9
0332	1131	0617	9
0294	1304	0620	9
0617	1345	0628	9
0200	1276	0640	9
0136	1255	0638	9
0224	1320	0639	9
0437	1351	0640	9
0184	1430	0641	9
0122	0392	0719	10
0159	0363	0702	10
0256	0342	0698	10
0240	0505	0687	10
0453	0574	0694	10
0471	0505	0708	10
0292	0500	0711	10
0213	0627	0704	10
0247	0747	0710	10
0236	0784	0722	10
0438	0707	0706	10
0315	0778	0701	10
0479	0800	0692	10
0271	0755	0694	10
0638	0682	0684	10
0319	0999	0679	10
0309	0953	0666	10
1289	1032	0672	10