0101	0359	0142	1
0072	0766	0548	0
0039	0513	0285	0
0129	0442	0133	1
0085	0407	0149	1
0188	0563	0140	1
0099	0629	0147	1
0147	0734	0142	1
0169	0793	0147	1
0121	0941	0147	1
0167	0962	0137	1
0066	0981	0153	1
0235	1174	0171	1
0229	1246	0169	1
0155	1034	0149	1
0194	1369	0175	1
0091	1430	0182	1
0235	0414	0215	2
0112	0541	0216	2
0164	0628	0207	2
0176	0710	0215	2
0202	0861	0218	2
0194	1018	0219	2
0215	0988	0216	2
0169	1086	0217	2
0208	1271	0226	2
0166	1359	0233	2
0130	1509	0240	2
0267	0428	0283	3
0202	0590	0286	3
0320	0688	0283	3
0278	0832	0284	3
0234	1057	0284	3
0233	1236	0298	3
0145	1380	0303	3
0192	1466	0304	3
0403	0426	0366	4
0322	0519	0350	4
0231	0544	0338	4
0206	0676	0341	4
0233	0760	0343	4
0125	0781	0346	4
0200	1013	0350	4
0289	1228	0360	4
0158	1346	0368	4
0201	1478	0373	4
0271	1490	0378	4
0233	0403	0435	5
0216	0563	0422	5
0384	0683	0393	5
0199	0879	0382	5
0159	1012	0388	5
0145	1035	0393	5
0206	1196	0396	5
0132	1303	0386	5
0115	1374	0374	5
0249	0351	0436	6
0179	0492	0427	6
0182	0579	0426	6
0321	0679	0428	6
0271	0802	0436	6
0210	0939	0441	6
0184	1013	0451	6
0117	1077	0459	6
0159	1197	0462	6
0129	1311	0468	6
0172	1410	0471	6
0223	0393	0543	7
0184	0499	0537	7
0164	0353	0534	7
0176	0488	0530	7
0216	0532	0532	7
0147	0657	0526	7
0069	0712	0526	7
0202	0847	0519	7
0279	0879	0527	7
0379	0899	0531	7
0241	1032	0533	7
0246	1139	0532	7
0128	1176	0539	7
0410	1304	0540	7
0211	1403	0545	7
0054	1424	0551	7
0140	0414	0604	8
0168	0379	0611	8
0284	0492	0607	8
0122	0516	0612	8
0180	0659	0603	8
0190	0830	0606	8
0076	0964	0602	8
0189	1042	0599	8
0226	1167	0591	8
0255	1259	0596	8
0095	1163	0588	8
0164	1277	0597	8
0213	1400	0604	8
0127	1436	0611	8
0206	0394	0663	9
0210	0531	0665	9
0286	0577	0670	9
0156	0725	0657	9
0232	0857	0653	9
0180	1056	0662	9
0066	1130	0666	9
0234	1286	0673	9
0136	1339	0673	9
0058	1425	0673	9
0251	0424	0719	10
0146	0400	0742	10
0154	0544	0734	10
0202	0751	0729	10
0098	0785	0734	10
0272	1016	0739	10
0152	1048	0744	10
0025	1017	0692	10
0276	1049	0721	10
0221	1071	0729	10