0118	0378	0143	1
0245	0407	0150	1
0244	0479	0158	1
0261	0519	0157	1
0130	0598	0157	1
0347	0669	0155	1
0146	0809	0145	1
0276	0388	0147	1
0162	0458	0149	1
0178	0525	0152	1
0277	0597	0156	1
0137	0642	0164	1
0369	0782	0169	1
0145	0697	0166	1
0209	1032	0164	1
0144	0941	0156	1
0105	1138	0162	1
0099	1034	0165	1
0202	1160	0171	1
0116	1100	0168	1
0120	1277	0159	1
0274	1334	0165	1
0326	1430	0162	1
0109	0458	0185	2
0295	0390	0195	2
0154	0383	0211	2
0112	1196	0169	0
0187	0437	0217	2
0179	0513	0213	2
0180	0674	0215	2
0198	0746	0214	2
0102	0647	0212	2
0275	0871	0210	2
0071	0998	0218	2
0186	1034	0240	2
0289	1178	0234	2
0226	1371	0238	2
0201	1310	0237	2
0115	0495	0270	3
0154	0387	0277	3
0233	0450	0282	3
0108	0396	0284	3
0145	0542	0286	3
0242	0641	0277	3
0163	0789	0270	3
0103	0821	0275	3
0260	1003	0282	3
0139	0944	0277	3
0204	1192	0290	3
0130	1165	0290	3
0394	1311	0295	3
0138	1407	0305	3
0119	0469	0326	4
0201	0386	0333	4
0157	0428	0337	4
0197	0604	0343	4
0268	0571	0348	4
0410	0599	0337	4
0202	0844	0346	4
0188	0937	0347	4
0199	0965	0349	4
0249	1101	0350	4
0420	1280	0357	4
0189	1257	0359	4
0406	1358	0362	4
0145	1452	0373	4
0117	0458	0400	5
0200	0388	0403	5
0183	0535	0413	5
0081	0499	0410	5
0308	0694	0425	5
0249	0841	0412	5
0297	1021	0413	5
0274	1048	0410	5
0276	1292	0412	5
0135	1427	0419	5
0099	1443	0421	5
0205	0356	0460	6
0283	0535	0460	6
0185	0565	0469	6
0334	0740	0467	6
0239	0673	0463	6
0324	0945	0466	6
0296	1113	0472	6
0167	1136	0470	6
0157	1200	0471	6
0324	1304	0473	6
0125	0420	0507	7
0216	0379	0516	7
0258	0586	0533	7
0162	0763	0536	7
0164	0849	0535	7
0188	0918	0533	7
0411	1037	0533	7
0194	0892	0528	7
0118	0808	0525	7
0208	1047	0538	7
0377	1193	0543	7
0170	1093	0537	7
0192	1000	0530	7
0332	1363	0539	7
0181	1240	0541	7
0275	1375	0542	7
0124	0448	0587	8
0194	0401	0606	8
0201	0472	0614	8
0063	0642	0612	8
0239	0404	0616	8
0206	0516	0623	8
0196	0641	0623	8
0105	0591	0619	8
0278	0819	0615	8
0130	0879	0615	8
0160	0780	0618	8
0386	1068	0615	8
0384	1190	0610	8
0189	1272	0611	8
0140	1276	0610	8
0328	1365	0610	8
0251	1459	0608	8
0117	0503	0654	9
0139	0391	0667	9
0217	0439	0678	9
0094	0568	0679	9
0175	0608	0682	9
0207	0704	0682	9
0180	0594	0681	9
0327	0694	0685	9
0172	0830	0682	9
0195	0796	0682	9
0238	0890	0679	9
0135	1059	0672	9
0183	0957	0670	9
0295	1062	0671	9
0197	1100	0676	9
0250	1202	0677	9
0261	1093	0673	9
0147	1063	0672	9
0735	1210	0680	9
0326	1305	0676	9
0204	1342	0681	9
0409	1456	0676	9
0105	0489	0727	10
0296	0405	0735	10
0258	0642	0745	10
0250	0689	0746	10
0196	0783	0740	10
0228	0705	0741	10
0156	0603	0733	10
0203	0694	0739	10
0193	0759	0742	10
0340	0953	0736	10
0256	1049	0740	10
0203	1203	0742	10
0186	1289	0742	10
0367	0409	0800	11
0399	0578	0805	11
0201	0762	0804	11
0174	0714	0802	11
0225	0951	0796	11
0156	1081	0801	11
0246	1185	0802	11
0283	1342	0804	11
0253	0383	0856	12
0212	0604	0677	9
0080	0573	0673	9
0175	0706	0665	9
0217	0852	0671	9
0097	0807	0672	9
0254	1137	0673	9
0115	1068	0666	9
0115	0909	0668	9