0131	0412	0142	1
0112	0459	0163	1
0334	0551	0160	1
0148	0686	0156	1
0100	0694	0117	0
0053	0681	0090	0
0221	0676	0125	0
0180	0657	0147	1
0077	0751	0146	1
0246	0824	0138	1
0059	0870	0131	1
0183	0918	0125	1
0076	0959	0119	1
0182	1062	0121	1
0107	1108	0124	1
0256	1176	0128	1
0199	1156	0127	1
0154	1303	0135	1
0155	1257	0138	1
0135	1354	0137	1
0270	1455	0128	1
0122	0457	0202	2
0247	0383	0207	2
0271	0467	0210	2
0227	0572	0207	2
0064	0591	0208	2
0414	0690	0196	2
0160	0841	0184	2
0085	0818	0197	2
0077	0897	0191	2
0254	0935	0184	2
0184	1048	0189	2
0074	1029	0186	2
0269	1135	0185	2
0141	1296	0193	2
0159	1254	0190	2
0283	1356	0195	2
0111	1449	0192	2
0112	0507	0258	3
0033	0457	0274	3
0232	0383	0275	3
0183	0515	0269	3
0221	0477	0273	3
0202	0388	0277	3
0146	0544	0266	3
0152	0648	0266	3
0186	0693	0266	3
0260	0761	0263	3
0206	0845	0261	3
0158	0870	0254	3
0155	0985	0249	3
0155	0946	0252	3
0182	1089	0253	3
0262	1142	0257	3
0175	1259	0271	3
0152	1279	0274	3
0087	1303	0275	3
0254	1400	0270	3
0095	0478	0315	4
0254	0386	0326	4
0140	0526	0323	4
0129	0503	0335	4
0122	0582	0332	4
0209	0638	0332	4
0177	0718	0326	4
0071	0794	0324	4
0208	0871	0323	4
0113	0899	0323	4
0168	1033	0320	4
0122	1010	0319	4
0153	1070	0321	4
0191	1216	0327	4
0095	1199	0332	4
0191	1254	0332	4
0187	1366	0333	4
0125	1344	0330	4
0114	1418	0324	4
0070	0495	0381	5
0411	0392	0389	5
0098	0374	0393	5
0254	0550	0386	5
0145	0583	0382	5
0167	0666	0380	5
0228	0643	0380	5
0141	0774	0376	5
0219	0742	0379	5
0186	0886	0379	5
0166	0908	0381	5
0176	0953	0379	5
0073	0916	0377	5
0086	1047	0375	5
0307	1043	0381	5
0394	1164	0378	5
0385	1255	0384	5
0061	1300	0391	5
0189	1367	0386	5
0148	1411	0380	5
0050	0567	0408	6
0052	0479	0434	6
0109	0393	0442	6
0096	0374	0451	6
0176	0516	0444	6
0132	0591	0439	6
0135	0791	0440	6
0143	0723	0441	6
0316	0912	0453	6
0393	1025	0452	6
0158	1063	0449	6
0145	1158	0455	6
0176	1135	0450	6
0132	1224	0449	6
0190	1282	0457	6
0184	1390	0457	6
0123	1426	0460	6
0082	0439	0522	7
0201	0362	0534	7
0095	0392	0531	7
0133	0465	0523	7
0178	0527	0525	7
0155	0696	0523	7
0234	0667	0517	7
0094	0791	0516	7
0145	0846	0516	7
0074	0952	0517	7
0195	1059	0524	7
0125	1023	0519	7
0140	1257	0515	7
0174	1207	0515	7
0361	1310	0517	7
0156	1395	0517	7
0061	0513	0585	8
0089	0406	0584	8
0155	0362	0585	8
0160	0526	0580	8
0287	0480	0581	8
0154	0540	0589	8
0083	0681	0593	8
0116	0651	0589	8
0154	0762	0580	8
0268	0820	0579	8
0156	0966	0571	8
0190	0939	0579	8
0278	0976	0579	8
0135	1009	0579	8
0118	1095	0585	8
0135	1146	0570	8
0197	1202	0580	8
0199	1315	0579	8
0149	1284	0576	8
0116	1448	0576	8
0057	0532	0635	0
0125	0388	0640	9
0146	0346	0646	9
0186	0509	0651	9
0166	0546	0654	9
0174	0675	0663	9
0097	0645	0663	9
0136	0715	0659	9
0227	0789	0660	9
0246	0774	0659	9
0245	0942	0651	9
0195	0926	0654	9
0256	1088	0656	9
0154	1131	0662	9
0185	1257	0657	9
0128	1242	0654	9
0283	1265	0650	9
0167	1241	0648	9
0190	1386	0645	9
0169	1355	0644	9
0300	1446	0639	9
0069	0571	0724	10
0058	0464	0726	10
0121	0370	0705	10
0098	0426	0719	10
0213	0513	0725	10
0174	0630	0721	10
0380	0704	0724	10
0245	0815	0723	10
0137	0858	0716	10
0240	0970	0708	10
0099	0950	0709	10
0118	1117	0716	10
0192	1219	0719	10
0248	1348	0717	10
0124	0506	0777	11
0134	0377	0785	11
0180	1324	0710	10
0241	1380	0717	10
0107	1360	0712	10
0374	1406	0712	10
0101	1426	0718	10
0081	0506	0776	11
0170	0402	0782	11
0142	0380	0790	11
0208	0474	0789	11
0132	0546	0790	11
0235	0605	0795	11
0163	0702	0789	11
0244	0746	0799	11
0125	0811	0783	11
0238	0873	0778	11
0165	1010	0779	11
0459	0979	0776	11
0179	1080	0776	11
0149	1172	0780	11
0243	1222	0786	11
0247	1306	0785	11
0168	1371	0790	11
0088	1418	0786	11
0098	1460	0782	11
0078	0472	0846	12
0159	0383	0846	12
0374	0436	0846	12
0170	0632	0849	12
0253	0596	0854	12
0166	0644	0848	12
0224	0588	0866	12