0150	0469	0114	1
0183	0411	0116	1
0166	0374	0121	1
0168	0374	0126	1
0108	0430	0136	1
0148	0507	0145	1
0220	0572	0160	1
0164	0674	0162	1
0157	0753	0165	1
0201	0926	0165	1
0166	0873	0160	1
0207	0739	0154	1
0026	0728	0153	1
0153	1100	0153	1
0279	1192	0163	1
0039	1235	0155	1
0107	1302	0156	1
0129	1333	0206	0
0177	1420	0176	1
0110	0575	0197	2
0233	0438	0222	2
0068	0539	0219	2
0141	0638	0254	0
0256	0535	0236	0
0134	0590	0219	2
0216	0689	0214	2
0137	0799	0216	2
0254	0764	0219	2
0128	0749	0216	2
0180	0912	0211	2
0179	0877	0216	2
0211	0750	0219	2
0172	0765	0224	2
0345	0788	0230	2
0184	0897	0233	2
0194	1069	0218	2
0160	1088	0179	0
0180	0961	0174	0
0112	1149	0212	2
0136	1266	0225	2
0218	1342	0224	2
0162	1184	0213	2
0135	1407	0216	2
0136	1483	0223	2
0111	0579	0282	3
0180	0477	0292	3
0166	0436	0291	3
0148	0573	0291	3
0170	0688	0288	3
0235	0830	0286	3
0128	0634	0165	0
0112	0573	0153	0
0127	0803	0298	3
0115	0922	0284	3
0192	1057	0268	3
0261	1219	0269	3
0165	1320	0273	3
0157	1209	0276	3
0136	0705	0167	1
0155	0621	0158	1
0145	0530	0151	1
0153	0896	0160	1
0049	0837	0169	1
0155	0494	0400	0
0129	0434	0380	4
0179	0416	0371	4
0222	0561	0353	4
0120	0733	0346	4
0104	0692	0355	4
0168	0615	0364	4
0180	0783	0366	4
0210	0885	0364	4
0196	1036	0354	4
0138	0983	0356	4
0170	1223	0348	4
0133	1191	0349	4
0133	1337	0356	4
0147	1402	0357	4
0183	1471	0356	4
0094	1528	0359	4
0103	0656	0424	5
0172	0454	0424	5
0183	0420	0424	5
0212	0636	0430	5
0161	0804	0433	5
0095	0911	0431	5
0187	1017	0428	5
0132	1141	0416	5
0224	1299	0412	5
0158	1441	0419	5
0102	0557	0479	6
0141	0421	0490	6
0132	0380	0487	6
0188	0519	0492	6
0173	0696	0491	6
0143	0836	0493	6
0213	1037	0481	6
0136	1151	0466	6
0136	0940	0480	6
0147	0990	0466	6
0242	1221	0466	6
0252	1355	0463	6
0215	1463	0477	6
0103	1501	0476	6
0107	0482	0556	7
0203	0392	0547	7
0146	0462	0541	7
0210	0597	0539	7
0188	0726	0541	7
0164	0898	0542	7
0132	0866	0538	7
0173	1105	0534	7
0139	1051	0533	7
0262	1300	0530	7
0174	1384	0536	7
0178	1472	0535	7
0094	0624	0585	0
0133	0433	0607	8
0124	0375	0604	8
0200	0520	0600	8
0137	0504	0599	8
0197	0600	0598	8
0189	0655	0602	8
0262	0630	0604	8
0262	0768	0601	8
0246	0826	0595	8
0187	0788	0596	8
0347	0975	0594	8
0222	1052	0590	8
0169	0825	0593	8
0138	0778	0594	8
0271	1208	0587	8
0311	1351	0593	8
0153	1384	0592	8
0191	1220	0592	8
0161	1275	0593	8
0247	1465	0596	8
0146	0474	0653	9
0171	0393	0664	9
0150	0377	0664	9
0203	0549	0666	9
0152	0514	0664	9
0184	0664	0658	9
0202	0522	0664	9
0192	0733	0659	9
0164	0868	0657	9
0140	1038	0658	9
0205	0845	0662	9
0044	0806	0661	9
0316	1017	0664	9
0379	1253	0667	9
0172	1215	0662	9
0274	1357	0661	9
0237	1406	0662	9
0183	1373	0661	9
0178	1481	0667	9
0123	0414	0749	10
0175	0376	0742	10
0246	0514	0731	10
0192	0609	0731	10
0191	0725	0738	10
0244	0872	0738	10
0290	1094	0728	10
0114	1110	0728	10
0175	1202	0734	10
0210	1311	0736	10
0146	1399	0737	10
0085	0484	0806	11
0169	0380	0809	11
0178	0356	0798	11
0251	0536	0658	9
0205	0482	0663	9
0165	0698	0663	9
0189	0969	0657	9
0182	1115	0655	9
0115	0885	0663	9
0242	0836	0658	9
0256	0759	0587	8
0139	0960	0597	8
0188	0974	0518	0
0148	0986	0479	6
0246	1150	0468	6
0191	1237	0474	6
0225	1374	0476	6
0126	1471	0481	6
0107	0562	0549	7
0133	0438	0535	7
0160	0388	0534	7
0174	0548	0543	7
0203	0689	0545	7
0137	0956	0528	7