0184	0385	0136	1
0069	0916	0372	0
0062	0720	0254	0
0178	0488	0143	1
0078	0407	0142	1
0150	0669	0129	1
0205	0446	0135	1
0231	0601	0142	1
0199	0741	0142	1
0431	0657	0140	1
0243	0763	0135	1
0194	0891	0139	1
0222	1112	0145	1
0172	1229	0144	1
0266	1057	0134	1
0435	0911	0145	1
0222	1096	0160	1
0268	1202	0176	1
0193	1330	0174	1
0144	1430	0161	1
0121	1330	0149	1
0182	1360	0132	1
0144	1443	0151	1
0263	1296	0146	1
0236	1368	0141	1
0179	1433	0147	1
0187	1267	0174	1
0235	0860	0200	2
0139	0456	0206	2
0176	0393	0205	2
0144	0534	0194	2
0203	0410	0199	2
0295	0597	0207	2
0243	0551	0205	2
0405	0443	0206	2
0199	0567	0223	2
0199	0775	0209	2
0427	0917	0206	2
0171	1095	0207	2
0218	0980	0205	2
0207	0792	0207	2
0328	0940	0204	2
0159	1069	0203	2
0488	1020	0203	2
0383	1273	0204	2
0268	1209	0206	2
0186	1323	0210	2
0291	1441	0227	2
0153	0872	0246	0
0140	0468	0258	3
0090	0379	0264	3
0373	0616	0275	3
0149	0707	0260	3
0164	0555	0258	3
0362	0787	0282	3
0357	0874	0259	3
0651	0768	0260	3
0382	0879	0266	3
0182	1014	0259	3
0211	0897	0254	3
0379	1130	0262	3
0175	1303	0270	3
0195	1242	0266	3
0166	1403	0277	3
0227	1260	0259	3
0174	1403	0269	3
0335	1268	0257	3
0241	1400	0272	3
0139	0961	0297	0
0114	0572	0327	4
0303	0402	0322	4
0219	0544	0326	4
0289	0653	0330	4
0179	0711	0318	4
0509	0558	0312	4
0218	0487	0318	4
0279	0635	0321	4
0300	0749	0330	4
0257	1030	0315	4
0084	1191	0330	4
0133	1288	0329	4
0140	1373	0339	4
0179	0987	0380	0
0126	0530	0382	5
0217	0386	0379	5
0237	0600	0402	5
0204	0735	0399	5
0214	0569	0388	5
0201	0716	0398	5
0267	0898	0387	5
0377	1055	0374	5
0420	1224	0388	5
0212	1338	0319	4
0209	1243	0313	4
0313	0877	0403	5
0156	0971	0379	5
0316	1118	0381	5
0287	1371	0397	5
0124	0756	0438	0
0187	0433	0456	6
0217	0583	0454	6
0307	0726	0457	6
0142	0819	0443	6
0370	0600	0458	6
0181	0482	0448	6
0325	0740	0451	6
0172	0828	0450	6
0242	0958	0446	6
0221	0780	0447	6
0283	0912	0452	6
0464	1060	0445	6
0374	1204	0447	6
0224	1364	0454	6
0385	1299	0450	6
0182	1327	0425	6
0184	1441	0466	6
0147	1078	0502	0
0134	0539	0506	7
0173	0397	0509	7
0160	0498	0507	7
0186	0653	0521	7
0172	0769	0523	7
0283	0945	0520	7
0498	0648	0513	7
0262	0510	0527	7
0467	0698	0521	7
0309	0553	0520	7
0216	0794	0523	7
0236	1020	0527	7
0218	1244	0528	7
0087	1376	0517	7
0128	0690	0547	0
0190	0401	0570	8
0208	0571	0577	8
0153	0718	0586	8
0187	0857	0594	8
0383	0959	0587	8
0147	0764	0585	8
0242	0951	0586	8
0205	0919	0546	0
0201	1149	0584	8
0235	1282	0593	8
0201	1410	0590	8
0263	1364	0590	8
0121	0669	0622	0
0195	0428	0641	9
0220	0522	0640	9
0215	0679	0641	9
0164	0763	0639	9
0148	0686	0637	9
0161	0822	0647	9
0244	0981	0646	9
0156	0932	0646	9
0283	1125	0644	9
0329	1271	0657	9
0397	1456	0655	9
0214	1518	0671	9
0207	1477	0664	9
0281	1353	0668	9
0147	1065	0691	0
0137	0471	0714	10
0157	0370	0708	10
0164	0628	0698	10
0206	0737	0707	10
0568	0883	0713	10
0163	0764	0696	10
0257	1012	0720	10
0544	0856	0708	10
0162	1070	0731	10
0219	1256	0728	10
0196	1378	0723	10
0141	0742	0746	0
0414	0450	0769	11
0399	0600	0774	11
0209	0765	0777	11
0221	0914	0772	11
0201	1143	0791	11
0125	1003	0780	11
0429	1386	0790	11
0127	0679	0825	0
0279	0421	0846	12
0143	0663	0838	12
0227	1403	0812	11
0123	0583	0834	12
0150	0397	0850	12