0336	0376	0147	1
0175	0594	0155	1
0226	0515	0156	1
0253	0632	0152	1
0124	0683	0156	1
0130	0831	0160	1
0284	0785	0156	1
0119	0899	0166	1
0195	0977	0168	1
0240	1092	0164	1
0168	0970	0160	1
0277	1243	0165	1
0260	1359	0171	1
0350	0448	0214	2
0132	0754	0213	2
0137	0706	0219	2
0193	0663	0218	2
0187	0886	0231	2
0306	1015	0236	2
0141	0994	0229	2
0240	1193	0244	2
0295	1271	0247	2
0244	1433	0255	2
0166	1466	0253	2
0107	0488	0270	3
0199	0411	0278	3
0255	0566	0276	3
0152	0782	0278	3
0129	0727	0282	3
0295	0904	0289	3
0294	1080	0298	3
0171	1053	0297	3
0266	1230	0313	3
0158	1294	0314	3
0179	1214	0307	3
0154	1325	0318	3
0073	1428	0320	3
0202	0427	0346	4
0155	0576	0345	4
0167	0702	0345	4
0290	0918	0362	4
0196	1099	0367	4
0041	1089	0368	4
0271	1189	0362	4
0180	1205	0370	4
0175	1362	0379	4
0127	1405	0382	4
0290	0444	0416	5
0188	0570	0409	5
0203	0675	0406	5
0186	0803	0408	5
0170	0988	0416	5
0193	1079	0418	5
0162	1271	0427	5
0128	1220	0430	5
0110	1388	0437	5
0223	0447	0491	6
0145	0408	0486	6
0259	0526	0482	6
0241	0664	0484	6
0164	0882	0491	6
0157	1040	0488	6
0113	1206	0489	6
0111	1163	0489	6
0138	1347	0486	6
0191	0409	0535	7
0228	0574	0540	7
0173	0743	0539	7
0308	0853	0538	7
0138	0780	0532	7
0207	0997	0537	7
0244	1191	0553	7
0239	1334	0562	7
0190	1418	0558	7
0207	0409	0605	8
0217	0547	0599	8
0253	0715	0600	8
0114	0696	0599	8
0166	0880	0594	8
0146	0976	0596	8
0326	1126	0607	8
0215	1338	0613	8
0115	1453	0619	8
0202	0410	0665	9
0215	0574	0667	9
0178	0798	0659	9
0214	0985	0668	9
0082	1086	0669	9
0239	1222	0678	9
0153	1429	0686	9
0166	0436	0745	10
0159	0387	0737	10
0261	0489	0729	10