0225	0372	0170	1
0205	0500	0180	1
0402	0628	0183	1
0167	0763	0179	1
0148	0661	0186	1
0202	0806	0192	1
0162	0966	0195	1
0236	0828	0218	0
0147	0866	0208	0
0343	0985	0189	1
0231	1132	0194	1
0096	1181	0187	1
0458	1326	0161	1
0222	1475	0127	1
0145	1537	0111	1
0147	0453	0232	2
0218	0434	0242	2
0433	0649	0246	2
0227	0833	0238	2
0336	0949	0239	2
0231	0996	0241	2
0270	1068	0244	2
0272	1201	0245	2
0179	1291	0238	2
0154	1335	0234	2
0217	1350	0153	0
0148	1421	0253	2
0100	0548	0306	3
0211	0451	0315	3
0220	0667	0305	3
0302	0761	0303	3
0269	0953	0298	3
0145	0932	0300	3
0311	1127	0304	3
0283	1284	0300	3
0432	1402	0307	3
0422	1446	0311	3
0186	1117	0302	3
0146	1004	0293	3
0348	0460	0360	4
0155	0497	0355	4
0232	0642	0349	4
0213	0720	0354	4
0305	0849	0354	4
0417	1026	0352	4
0234	1132	0360	4
0424	1237	0355	4
0216	1329	0360	4
0285	1377	0365	4
0197	1449	0373	4
0154	0476	0404	5
0202	0444	0409	5
0283	0577	0414	5
0154	0629	0416	5
0241	0760	0416	5
0196	0739	0413	5
0257	0954	0420	5
0146	1060	0429	5
0279	1186	0432	5
0157	1225	0434	5
0225	1340	0433	5
0219	0399	0463	6
0230	0550	0458	6
0215	0678	0458	6
0247	0730	0461	6
0279	0849	0459	6
0249	0977	0470	6
0215	1075	0466	6
0186	1112	0475	6
0247	1265	0492	6
0203	1204	0487	6
0369	1013	0479	6
0113	1059	0475	6
0279	1216	0488	6
0293	1304	0495	6
0219	1424	0504	6
0150	0447	0534	7
0208	0416	0542	7
0219	0541	0541	7
0171	0634	0539	7
0394	0730	0536	7
0180	0843	0531	7
0188	0794	0528	7
0502	0930	0542	7
0323	1048	0541	7
0310	1267	0552	7
0311	1368	0557	7
0188	1239	0552	7
0479	1470	0562	7
0129	0429	0637	8
0167	0416	0612	8
0236	0537	0612	8
0182	0625	0614	8
0210	0852	0602	8
0254	0975	0607	8
0304	0938	0600	8
0187	1049	0607	8
0290	1165	0615	8
0243	1361	0628	8
0143	1412	0620	8
0160	1474	0618	8
0293	0455	0685	9
0301	0595	0678	9
0307	0814	0675	9
0188	0853	0677	9
0243	0537	0670	9
0204	0412	0655	9
0255	1019	0665	9
0199	1109	0663	9
0200	1033	0664	9
0228	1177	0666	9
0399	1313	0671	9
0110	1259	0671	9
0270	1412	0680	9
0130	0510	0741	10
0286	0414	0744	10
0205	0532	0735	10
0344	0744	0732	10
0256	0827	0729	10
0227	0901	0676	0
0187	0954	0725	10
0168	1014	0729	10
0219	1092	0589	8
0217	1191	0609	8
0180	0968	0594	8
0236	0803	0589	8
0151	0938	0700	0
0179	1014	0727	10
0290	1157	0730	10
0204	1218	0730	10
0052	1098	0845	0
0183	1322	0735	10
0388	1401	0732	10
0266	0454	0813	11
0339	0633	0803	11
0325	0771	0800	11
0263	0949	0800	11
0069	1005	0803	11
0204	1159	0801	11
0255	1341	0801	11
0220	1401	0810	11
0104	1192	0797	11
0250	1117	0807	11
0120	1359	0802	11
0109	1483	0812	11
0239	0463	0890	12
0177	0632	0871	12
0320	0420	0882	12
0240	0541	0873	12
0445	0640	0881	12