0058	0372	0145	1
0164	0458	0160	1
0147	0402	0153	1
0082	0598	0151	1
0140	0771	0148	1
0135	0711	0147	1
0159	0970	0160	1
0050	0908	0158	1
0145	0834	0154	1
0046	0790	0147	1
0179	1034	0159	1
0117	0958	0158	1
0202	1147	0165	1
0258	1320	0171	1
0131	1436	0174	1
0120	0437	0204	2
0168	0387	0213	2
0155	0594	0210	2
0142	0550	0212	2
0222	0728	0216	2
0211	0864	0224	2
0265	1024	0234	2
0202	1145	0240	2
0278	1268	0235	2
0259	1378	0244	2
0082	1330	0243	2
0124	0449	0294	3
0141	0389	0285	3
0245	0609	0283	3
0111	0548	0284	3
0228	0778	0292	3
0222	0906	0293	3
0160	0758	0286	3
0157	1084	0308	3
0186	1031	0298	3
0329	1249	0305	3
0177	1398	0315	3
0071	1374	0313	3
0167	1488	0309	3
0039	1525	0307	3
0211	0418	0332	4
0111	0616	0370	4
0230	0538	0363	4
0151	0799	0351	4
0287	0686	0349	4
0184	0989	0358	4
0169	0948	0355	4
0175	1183	0366	4
0199	1095	0363	4
0273	1303	0369	4
0243	1443	0377	4
0231	1232	0369	4
0142	1169	0364	4
0237	1335	0374	4
0172	1439	0376	4
0152	1531	0376	4
0075	0508	0415	5
0224	0389	0422	5
0192	0492	0423	5
0205	0604	0428	5
0101	0797	0430	5
0159	0729	0432	5
0108	0931	0432	5
0270	0853	0426	5
0210	1076	0436	5
0113	1016	0427	5
0215	1250	0432	5
0141	1417	0440	5
0291	1370	0440	5
0149	1485	0442	5
0113	1541	0437	5
0113	0437	0527	6
0246	0383	0504	6
0137	0474	0525	6
0112	0509	0502	6
0164	0632	0497	6
0081	0593	0496	6
0138	0851	0487	6
0185	0787	0488	6
0210	0984	0490	6
0174	1201	0494	6
0175	1151	0491	6
0244	1382	0500	6
0139	1422	0505	6
0196	1335	0493	6
0243	0449	0568	7
0231	0562	0559	7
0059	0525	0556	7
0165	0768	0551	7
0232	0711	0553	7
0221	0941	0553	7
0415	1079	0557	7
0153	1259	0556	7
0175	1210	0555	7
0163	1399	0563	7
0305	1340	0556	7
0051	1292	0557	7
0166	1515	0553	7
0094	0504	0609	8
0232	0402	0625	8
0330	0723	0636	8
0168	0963	0613	8
0030	0934	0615	8
0132	0918	0606	8
0160	0769	0621	8
0239	0644	0614	8
0155	0960	0615	8
0217	0911	0615	8
0144	0993	0620	8
0184	1200	0626	8
0225	1158	0626	8
0215	1306	0629	8
0217	1451	0631	8
0070	0500	0698	9
0151	0409	0712	9
0153	0360	0695	9
0163	0612	0693	9
0093	0570	0694	9
0169	0808	0693	9
0168	0748	0693	9
0118	0690	0689	9
0279	1014	0679	9
0055	0984	0679	9
0180	1230	0691	9
0201	1171	0688	9
0290	1411	0691	9
0184	1463	0691	9
0114	1524	0688	9
0066	0504	0737	10
0155	0409	0758	10
0076	0378	0755	10
0162	0651	0757	10
0198	0586	0761	10
0203	0788	0753	10
0277	0588	0759	10
0223	0698	0751	10
0286	0743	0753	10
0199	0916	0752	10
0143	1097	0753	10
0186	1038	0751	10
0342	1227	0757	10
0169	1359	0756	10
0187	1310	0752	10
0183	1449	0751	10
0135	1511	0753	10
0064	0498	0817	11
0241	0402	0825	11
0164	0623	0823	11
0208	0494	0821	11
0135	0540	0820	11
0078	0942	0810	11
0092	0871	0808	11
0232	0812	0811	11
0136	0773	0814	11
0029	1221	0748	0
0115	1188	0806	11
0163	1129	0816	11
0201	1081	0818	11
0194	1330	0817	11
0243	1405	0819	11
0073	0460	0890	12
0214	0385	0908	12
0062	0438	0887	12
0175	0595	0882	12
0219	0510	0884	12
0194	0770	0880	12
0245	0720	0881	12
0293	0978	0875	12
0336	1140	0879	12
0149	1271	0880	12
0246	1340	0879	12
0200	1421	0878	12
0022	1441	0880	12
0076	0467	0937	13
0238	0389	0952	13
0151	0518	0960	13
0137	0697	0953	13
0253	0630	0955	13
0044	0593	0956	13
0233	0908	0952	13
0095	0843	0946	13
0239	1097	0940	13
0202	1039	0943	13
0382	1219	0940	13
0312	1251	0934	13