0091	0355	0144	1
0191	0380	0146	1
0452	0430	0150	1
0152	0452	0155	1
0375	0420	0150	1
0396	0448	0152	1
0200	0471	0151	1
0198	0415	0156	1
0462	0555	0170	1
0193	0601	0175	1
0140	0634	0177	1
0332	0587	0177	1
0256	0640	0177	1
0168	0692	0179	1
0384	0639	0180	1
0360	0703	0188	1
0316	0729	0190	1
0177	0786	0191	1
0875	0813	0205	1
0312	0904	0230	1
0582	0941	0222	1
0202	0984	0229	1
0317	0961	0227	1
0388	1004	0228	1
0211	1049	0227	1
0360	1120	0232	1
0313	1193	0230	1
0199	1269	0220	1
0158	1247	0221	1
0361	1200	0230	1
0214	1242	0222	1
0305	1256	0224	1
0692	1235	0223	1
0512	1258	0223	1
0446	1286	0223	1
0472	1302	0221	1
0300	1292	0223	1
0193	1340	0222	1
0157	1391	0224	1
0103	0531	0302	2
0075	0444	0311	2
0269	0424	0288	2
0235	0436	0276	2
0199	0463	0273	2
0208	0577	0280	2
0211	0529	0283	2
0319	0510	0286	2
0170	0557	0284	2
0184	0523	0288	2
0385	0496	0282	2
0178	0572	0274	2
0432	0594	0276	2
0311	0625	0270	2
0256	0657	0278	2
0194	0749	0275	2
0294	0786	0274	2
0270	0763	0270	2
0184	0816	0267	2
0535	0841	0269	2
0137	0915	0274	2
0520	0942	0273	2
0261	1003	0274	2
0200	1157	0275	2
0608	1116	0275	2
0195	1126	0273	2
0317	1113	0279	2
0282	1142	0265	2
0181	1190	0265	2
0220	1275	0266	2
0344	1312	0250	2
0213	1296	0247	2
0442	1326	0243	2
0152	1376	0241	2
0445	1415	0243	2
0090	0607	0331	3
0090	0431	0337	3
0429	0409	0308	3
0589	0492	0309	3
0156	0504	0309	3
0149	0544	0305	3
0186	0567	0307	3
0202	0555	0316	3
0384	0604	0314	3
0316	0636	0320	3
0163	0678	0322	3
0178	0785	0324	3
0346	0744	0326	3
0226	0772	0320	3
0271	0756	0313	3
0149	0744	0316	3
0381	0772	0318	3
0190	0808	0312	3
0251	0863	0313	3
0230	0921	0323	3
0324	0992	0322	3
0174	1040	0324	3
0599	1139	0317	3
0360	1172	0315	3
0328	1180	0322	3
0366	1201	0318	3
0163	1302	0302	3
0393	1259	0306	3
0490	1326	0299	3
0282	1359	0292	3
0529	1345	0298	3
0346	1370	0300	3
0585	1390	0293	3
0150	1434	0296	3
0365	1340	0309	3
0145	1373	0306	3
0235	1286	0308	3
0102	1269	0305	3
0277	1339	0295	3
0029	1366	0289	3
0339	1387	0301	3
0364	1402	0290	3
0287	1425	0287	3
0425	1486	0290	3
0086	0534	0352	3
0157	0422	0353	0
0173	1458	0295	3
0322	1498	0286	3
0227	1514	0288	3
0192	1496	0291	3
0209	1482	0288	3
0188	1500	0290	3
0299	1517	0293	3
0086	0630	0335	0
0140	0410	0367	4
0514	0381	0355	4
0540	0449	0355	4
0182	0502	0349	4
0091	0548	0355	4
0161	0479	0353	4
0433	0575	0364	4
0125	0630	0360	4
0305	0701	0364	4
0623	0696	0364	4
0357	0713	0370	4
0240	0765	0375	4
0508	0757	0378	4
0559	0809	0368	4
0308	0869	0370	4
0921	0856	0366	4
0341	0898	0369	4
0312	0918	0368	4
0333	0942	0364	4
0347	0991	0362	4
0156	1023	0370	4
0199	1058	0372	4
1130	1124	0375	4
0237	1212	0379	4
0859	1237	0369	4
0233	1242	0378	4
1251	1279	0376	4
0260	1243	0381	4
0177	1308	0378	4
0342	1345	0379	4
0778	1425	0362	4
0243	1443	0363	4
0211	1469	0359	4
0104	0739	0391	0
0186	0374	0387	5
0418	0389	0388	5
0287	0426	0389	5
0158	0414	0392	5
0240	0392	0391	5
0301	0436	0401	5
0386	0449	0407	5
0218	0501	0410	5
0750	0517	0413	5
0220	0547	0413	5
0242	0570	0411	5
0724	0555	0411	5
0248	0573	0409	5
0271	0602	0407	5
0292	0543	0407	5
0428	0563	0407	5
0704	0602	0409	5
0418	0657	0414	5
0377	0690	0414	5
0289	0709	0414	5
0146	0724	0414	5
0272	0692	0414	5
0308	0675	0414	5
0221	0657	0414	5
0537	0691	0416	5
0236	0713	0411	5
0073	0726	0420	5
0161	0740	0435	5
0263	0737	0422	5
0442	0786	0416	5
1235	0853	0422	5
0790	0859	0419	5
0152	0926	0417	5
0227	0957	0425	5
0305	0999	0424	5
0470	1033	0419	5
0227	1085	0421	5
0285	1068	0425	5
0431	1105	0420	5
0304	1139	0420	5
0466	1179	0418	5
0416	1196	0419	5
0238	1209	0418	5
0407	1240	0422	5
0636	1273	0420	5
0231	1326	0418	5
0524	1315	0423	5
0278	1322	0425	5
0184	1361	0432	5
0277	1423	0430	5
0475	1448	0424	5
0248	1466	0424	5
0322	1442	0425	5
0395	1468	0426	5
0130	0857	0480	0
0105	0438	0506	6
0708	0379	0472	6
0158	0400	0468	6
0176	0388	0467	6
0153	0429	0468	6
0827	0461	0474	6
0374	0504	0476	6
0507	0521	0474	6
0261	0584	0475	6
0304	0634	0477	6
0257	0660	0479	6
0252	0675	0484	6
0278	0716	0487	6
0164	0761	0484	6
0435	0718	0484	6
0267	0744	0487	6
0309	0763	0486	6
0444	0807	0482	6
0592	0852	0482	6
0258	0870	0482	6
0303	0930	0482	6
0232	0916	0483	6
0316	0955	0488	6
0362	0974	0483	6
1241	1023	0480	6
0588	1021	0486	6
0334	1081	0479	6
0546	1156	0476	6
0187	1219	0484	6
0177	1263	0474	6
0054	1282	0488	6
0431	1294	0486	6
0396	1310	0474	6
0301	1382	0474	6
0200	1411	0479	6
0221	1444	0486	6
0360	1473	0483	6
0270	1533	0485	6
0084	0628	0549	0
0125	0386	0546	7
0330	0389	0524	7
0148	0375	0522	7
0339	0438	0530	7
0238	0431	0528	7
0179	0517	0530	7
0263	0448	0530	7
0342	0434	0533	7
0581	0460	0537	7
0281	0434	0541	7
0253	0385	0560	7
0301	0394	0552	7
0525	0433	0549	7
0298	0473	0554	7
0243	0458	0549	7
0342	0520	0549	7
0365	0546	0552	7
0395	0566	0552	7
0408	0544	0550	7
0358	0572	0552	7
0455	0548	0551	7
0313	0572	0539	7
0934	0618	0538	7
0150	0579	0535	7
0267	0637	0539	7
0603	0697	0539	7
0416	0751	0536	7
0213	0809	0537	7
0103	0738	0538	7
0191	0837	0541	7
0249	0937	0541	7
0315	0914	0546	7
0166	1040	0543	7
0237	1140	0543	7
0321	1120	0545	7
0240	1158	0540	7
0383	1197	0537	7
0356	1184	0544	7
0276	1162	0544	7
0141	1128	0546	7
0194	1236	0540	7
0300	1193	0539	7
0358	1169	0538	7
0305	1146	0540	7
0234	1123	0539	7
0302	1189	0538	7
0172	1213	0538	7
1088	1288	0541	7
0286	1340	0542	7
0224	1358	0546	7
0119	1428	0550	7
0075	1530	0827	0
0046	1571	0665	0
0074	1467	0502	0
0047	1433	0547	7
0269	1446	0545	7
0190	1477	0542	7
0153	1501	0555	7
0109	0836	0562	0
0169	0440	0579	8
0385	0387	0590	8
0217	0464	0587	8
0337	0430	0593	8
0167	0488	0588	8
0217	0427	0595	8
0500	0416	0592	8
0209	0432	0589	8
0343	0495	0584	8
0142	0517	0582	8
0160	0472	0584	8
0403	0490	0579	8
0348	0473	0584	8
0214	0472	0609	8
0130	0484	0641	8
0166	0478	0609	8
0665	0501	0600	8
0374	0398	0601	8
0287	0470	0595	8
0637	0511	0598	8
0439	0544	0602	8
0281	0582	0603	8
0316	0609	0599	8
0219	0668	0595	8
0848	0722	0601	8
0163	0759	0598	8
0289	0721	0600	8
0200	0780	0609	8
0096	0821	0605	8
0337	0764	0603	8
0446	0824	0612	8
0130	0844	0608	8
0438	0870	0612	8
0182	0908	0600	8
0281	1001	0603	8
0329	1028	0604	8
0306	1089	0609	8
0192	1174	0605	8
0086	1139	0609	8
0291	1083	0608	8
0364	1110	0611	8
0370	1136	0615	8
0189	0976	0612	8
0574	1191	0603	8
0908	1191	0602	8
0228	1244	0601	8
0199	1235	0601	8
0329	1298	0596	8
0390	1341	0596	8
0170	1400	0600	8
0332	1452	0603	8
0385	1480	0610	8
0087	0631	0640	0
0144	0419	0647	9
0101	0390	0659	9
0104	1392	0621	8
0161	1465	0621	8
0207	1492	0611	8
0110	0441	0675	9
0337	0387	0659	9
0492	0440	0669	9
0377	0464	0667	9
0076	0455	0665	9
0412	0547	0661	9
0234	0637	0672	9
0332	0663	0667	9
0205	0692	0670	9
0566	0824	0673	9
0307	0885	0672	9
0270	0968	0672	9
0453	0957	0671	9
0185	1011	0678	9
0237	1090	0673	9
0296	1065	0667	9
0223	1158	0669	9
0560	1220	0670	9
0178	1321	0671	9
0517	1295	0671	9
0102	1353	0662	9
0447	1400	0664	9
0513	1427	0665	9
0142	1463	0661	9
0180	1498	0669	9
0097	0471	0708	10
0265	0376	0706	10
0191	0404	0717	10
0744	0498	0721	10
0440	0544	0715	10
0379	0613	0720	10
0231	0678	0715	10
0132	0660	0716	10
0378	0753	0716	10
0213	0798	0714	10
0315	0879	0722	10
0270	0785	0714	10
0296	0823	0720	10
0181	0805	0724	10
0550	0877	0726	10
0158	0922	0722	10
0418	0986	0717	10
0189	1011	0720	10
0358	0977	0720	10
0639	1009	0714	10
0187	1032	0718	10
0422	1072	0721	10
0400	1152	0725	10
0132	1209	0726	10
0237	1300	0732	10
0310	1273	0731	10
0284	1391	0721	10
0240	1362	0723	10
0151	1376	0725	10
0186	1424	0721	10
0226	1465	0724	10
0193	1488	0724	10
0098	0486	0742	0
0419	0412	0757	11
0363	0456	0765	11
0322	0403	0773	11
0386	0431	0775	11
0305	0463	0774	11
0248	0501	0782	11
0326	0544	0780	11
0554	0632	0780	11
0774	0652	0777	11
0171	0696	0773	11
0702	0735	0783	11
0169	0777	0785	11