0301	0391	0149	1
0141	0435	0146	1
0177	0468	0144	1
0114	0571	0138	1
0070	0602	0142	1
0143	0611	0110	0
0220	0567	0146	1
0182	0589	0148	1
0149	0651	0147	1
0229	0708	0146	1
0229	0782	0130	1
0213	0732	0138	1
0156	0782	0132	1
0223	0916	0143	1
0354	0953	0142	1
1090	0898	0159	1
1279	0914	0164	1
0117	0922	0156	1
0157	0990	0148	1
0142	1125	0135	1
0102	1270	0121	1
0118	1452	0135	1
0177	0393	0202	2
0145	0406	0178	2
0153	0620	0184	2
0127	0766	0180	2
0213	0939	0173	2
0171	1204	0186	2
0226	1276	0184	2
0105	1348	0182	2
0172	1162	0246	0
0117	0590	0234	3
0117	0402	0240	3
0171	0453	0225	3
0140	0507	0249	3
0235	0584	0254	3
0288	0710	0268	3
0367	0587	0266	3
0178	0694	0261	3
0240	0732	0255	3
0235	0889	0271	3
0167	0860	0278	3
0342	0847	0273	3
0150	0907	0260	3
0310	0970	0260	3
0167	1142	0238	3
0280	1148	0264	3
0533	1246	0276	3
0196	1411	0289	3
0227	1385	0281	3
0526	1472	0281	3
0115	1148	0310	0
0119	0633	0327	4
0088	0376	0328	4
0233	0492	0314	4
0147	0490	0344	4
0228	0638	0345	4
0219	0587	0337	4
0197	0668	0328	4
0162	0736	0328	4
0209	0787	0328	4
0367	0688	0322	4
0184	0770	0318	4
0141	0790	0337	4
0269	0884	0318	4
0240	1029	0343	4
0177	0982	0338	4
0208	1113	0333	4
0385	1089	0337	4
0992	1249	0331	4
1313	1346	0350	4
0158	1440	0359	4
0186	1474	0365	4
0152	1312	0423	0
0133	0735	0433	0
0256	0385	0434	5
0268	0491	0452	5
0414	0701	0416	5
0220	0934	0445	5
0200	0937	0418	5
0198	0907	0408	5
0237	1115	0408	5
0236	1092	0408	5
0173	1069	0408	5
0430	1240	0420	5
0252	1372	0425	5
0177	1333	0423	5
0130	0853	0450	0
0151	0433	0453	6
0078	0352	0461	6
0198	0442	0481	6
0154	0501	0478	6
0456	0473	0475	6
0128	0486	0470	6
0065	0540	0472	6
0251	0628	0491	6
0264	0623	0482	6
0857	0723	0485	6
0186	0790	0489	6
0168	0891	0487	6
0140	0953	0476	6
0194	1019	0472	6
0290	1270	0475	6
0186	1311	0479	6
0082	1337	0477	6
0409	1432	0478	6
0046	1489	0435	0
0059	1504	0478	6
0125	1225	0520	0
0111	0617	0516	7
0187	0421	0518	7
0648	0397	0532	7
0183	0478	0536	7
0155	0466	0540	7
0062	0459	0533	7
0114	0537	0552	7
0231	0577	0544	7
0275	0675	0548	7
0403	0767	0541	7
2298	0783	0547	7
0170	0863	0553	7
0111	0924	0561	7
0321	1169	0576	7
0203	1095	0565	7
0224	1378	0570	7
0321	1346	0570	7
0117	1274	0561	7
0187	1402	0566	7
0279	1432	0566	7
0455	1511	0568	7
0145	1280	0587	0
0100	0742	0608	0
0282	0426	0615	8
0254	0518	0617	8
0269	0490	0608	8
0131	0552	0604	8
0152	0655	0609	8
0101	0682	0629	8
0274	0681	0608	8
0297	0868	0605	8
0446	0823	0607	8
0288	0946	0605	8
0029	1005	0550	0
0229	1224	0605	8
0036	1191	0538	0
0148	1196	0592	8
0339	1351	0614	8
0544	1435	0608	8
0257	1508	0614	8
0187	1166	0634	0
0134	0531	0668	9
0162	0426	0672	9
0245	0403	0684	9
1285	0483	0674	9
0096	0525	0674	9
0176	0580	0680	9
0157	0615	0672	9
0392	0773	0671	9
0278	0856	0670	9
0179	0999	0676	9
0022	1042	0611	0
0084	1047	0661	9
0168	1116	0675	9
0141	1145	0676	9
0198	1291	0683	9
0316	1270	0673	9
0254	1132	0665	9
0172	1166	0665	9
0215	1177	0665	9
0254	1339	0666	9
0205	1330	0620	0
0030	1367	0690	0
0065	1296	0631	0
0084	1307	0674	9
0239	1367	0667	9
0294	1428	0664	9
0309	1476	0661	9
0138	0608	0680	0
0183	0460	0710	10
0549	0431	0739	10
0216	0528	0731	10
0188	0504	0734	10
0196	0528	0833	0
0322	0548	0726	10
0311	0527	0751	0
0218	0569	0632	0
1435	0531	0766	11
0643	0555	0806	11
0386	0663	0860	0
0422	0577	0782	11
0896	0615	0802	11
0206	0619	0804	11
0470	0734	0798	11
0206	0887	0800	11
0141	0919	0800	11
0076	1064	0752	0
0053	1066	0788	11
0153	1112	0802	11
0171	1158	0804	11
0236	1288	0805	11
0152	1265	0801	11
0180	1343	0798	11
0176	1390	0794	11
0146	1424	0802	11
0154	1507	0802	11
0153	0410	0879	12
0179	0397	0868	12
0141	0447	0867	12
0306	0509	0876	12
0168	0618	0870	12
0237	0592	0880	12
0463	0611	0878	12