0383	0374	0132	1
0197	0402	0155	1
0187	0596	0148	1
0145	0528	0158	1
0166	0468	0163	1
0184	0482	0148	1
0257	0407	0159	1
0341	0438	0159	1
0223	0503	0154	1
0206	0597	0154	1
0153	0677	0153	1
0295	0650	0157	1
0162	0747	0151	1
0473	0721	0152	1
0292	0830	0150	1
0128	0818	0142	1
0311	0898	0150	1
0273	0932	0153	1
0194	0996	0150	1
0226	1039	0158	1
0233	1090	0165	1
0286	1156	0169	1
0334	1130	0167	1
0436	1166	0172	1
0113	1185	0172	1
0243	1105	0165	1
0173	1138	0165	1
0163	1257	0178	1
0373	1232	0177	1
0246	1313	0181	1
0322	1415	0193	1
0152	0471	0207	2
0188	0344	0223	2
0359	0387	0239	2
0229	0471	0227	2
0317	0371	0244	2
0194	0470	0235	2
0211	0452	0231	2
0170	0557	0211	2
0207	0527	0210	2
0587	0662	0203	2
0144	0732	0202	2
0210	0778	0201	2
0192	0873	0204	2
0219	0917	0201	2
0326	1007	0207	2
0516	1113	0212	2
0212	1138	0218	2
0310	1088	0212	2
0176	1137	0217	2
0240	1247	0223	2
0238	1209	0224	2
0231	1252	0228	2
0248	1309	0229	2
0271	1392	0239	2
0149	1409	0246	2
0140	0422	0264	3
0214	0347	0278	3
0213	0404	0281	3
0213	0518	0282	3
0237	0460	0286	3
0291	0507	0286	3
0266	0563	0284	3
0171	0467	0277	3
0217	0442	0279	3
0248	0514	0278	3
0245	0593	0278	3
0177	0698	0276	3
0148	0768	0278	3
0189	0818	0277	3
0183	0852	0278	3
0168	0981	0275	3
0321	0944	0278	3
0142	0920	0279	3
0151	1016	0280	3
0230	1099	0284	3
0221	1074	0284	3
0245	1042	0282	3
0253	1124	0284	3
0326	1230	0287	3
0153	1186	0300	3
0206	1289	0295	3
0165	1257	0296	3
0161	1418	0309	3
0203	1369	0299	3
0197	0400	0365	4
0277	0346	0370	4
0259	0413	0358	4
0146	0517	0366	4
0195	0474	0361	4
0177	0601	0360	4
0147	0665	0348	4
0229	0716	0350	4
0163	0829	0349	4
0330	0888	0346	4
0318	0835	0347	4
0171	0703	0346	4
0065	0879	0337	4
0215	0969	0330	4
0212	1022	0344	4
0197	1068	0343	4
0179	1126	0345	4
0380	1186	0354	4
0158	1213	0359	4
0643	1254	0360	4
0357	1343	0364	4
0109	1379	0366	4
0243	1410	0367	4
0166	0472	0350	4
0174	0343	0369	4
0296	0375	0409	5
0224	0344	0425	5
0147	0359	0420	5
0178	0406	0418	5
0132	0585	0411	5
0214	0531	0414	5
0170	0495	0417	5
0151	0543	0415	5
0274	0478	0418	5
0206	0582	0411	5
0207	0655	0416	5
0136	0639	0414	5
0205	0733	0417	5
0227	0699	0412	5
0235	0750	0410	5
0178	0865	0410	5
0263	0924	0406	5
0324	1026	0406	5
0147	0983	0408	5
0130	1038	0411	5
0195	0929	0408	5
0279	0903	0409	5
0227	0882	0411	5
0191	0923	0411	5
0220	1004	0412	5
0264	1081	0408	5
0135	1159	0414	5
0240	1058	0411	5
0112	1024	0409	5
0300	1149	0419	5
0146	1302	0424	5
0308	1251	0418	5
0205	1308	0420	5
0332	1358	0425	5
1217	1338	0436	5
0277	1387	0450	5
0382	1338	0447	5
0443	1364	0446	5
0146	1424	0445	5
0125	1466	0444	5
0149	0436	0475	6
0396	0361	0480	6
0254	0388	0477	6
0185	0471	0471	6
0407	0550	0475	6
0205	0619	0481	6
0186	0525	0480	6
0139	0746	0477	6
0264	0694	0477	6
0169	0810	0478	6
0295	0895	0469	6
0165	0958	0468	6
0198	1021	0469	6
0360	1076	0466	6
0284	1161	0472	6
0248	1129	0468	6
0235	1178	0468	6
0177	1138	0467	6
0136	1181	0472	6
0231	1268	0474	6
0149	1352	0475	6
0283	1419	0486	6
0103	1462	0486	6
0142	0405	0519	7
0175	0348	0538	7
0231	0324	0533	7
0258	0404	0528	7
0148	0524	0538	7
0290	0471	0539	7
0326	0552	0532	7
0315	0639	0536	7
0158	0615	0536	7
0335	0688	0536	7
0210	0799	0533	7
0202	0845	0539	7
0303	0750	0533	7
0209	0832	0533	7
0213	0942	0532	7
0050	0998	0527	7
0156	1104	0522	7
0251	1073	0527	7
0262	1222	0523	7
0130	1276	0529	7
0216	1344	0532	7
0233	1326	0530	7
0161	1416	0537	7
0147	0402	0579	8
0326	0349	0599	8
0253	0521	0590	8
0136	0574	0605	8
0268	0673	0601	8
0167	0820	0589	8
0328	0773	0594	8
0191	0848	0590	8
0245	0937	0586	8
0296	1016	0588	8
0105	1099	0591	8
0139	1022	0579	8
0208	0960	0584	8
0231	0996	0590	8
0169	0976	0586	8
0134	1055	0590	8
0367	1124	0594	8
0341	1222	0591	8
0105	1265	0600	8
0268	1339	0606	8
0207	1374	0604	8
0193	1468	0596	8
0152	0387	0636	9
0330	0334	0676	9
0155	0394	0677	9
0231	0487	0683	9
0419	0539	0681	9
0136	0604	0678	9
0350	0532	0683	9
0158	0678	0689	9
0190	0635	0683	9
0212	0737	0678	9
0155	0791	0682	9
0316	0684	0678	9
0327	0798	0675	9
0179	0842	0672	9
0178	0940	0672	9
0182	0907	0670	9
0163	1049	0677	9
0154	1014	0673	9
0392	1100	0666	9
0149	1054	0673	9
0177	1090	0673	9
0299	1213	0672	9
0628	1289	0665	9
0259	1411	0668	9
0266	1474	0680	9
0436	1484	0676	9
0244	1438	0669	9
0074	1463	0674	9
0155	1343	0656	9
0200	1376	0669	9
0206	1445	0679	9
0172	0567	0718	10
0138	0432	0744	10
0337	0359	0744	10
0163	0531	0742	10
0305	0480	0745	10
0141	0564	0742	10
0164	0655	0741	10
0122	0693	0742	10
0267	0595	0735	10
0161	0689	0739	10
0170	0623	0737	10
0162	0678	0739	10
0150	0749	0739	10
0288	0819	0741	10
0135	0930	0731	10
0163	0831	0740	10
0322	0949	0739	10
0154	1029	0736	10
0262	1077	0730	10
0228	1113	0734	10
0208	1226	0730	10
0218	1202	0734	10
0175	1348	0726	10
0257	1380	0740	10
0166	1416	0738	10
0190	1344	0733	10
0252	1384	0740	10
0320	1428	0738	10
0239	1374	0740	10
0223	1342	0739	10
0325	1400	0744	10
0228	1429	0737	10
0242	1384	0735	10
0217	1421	0736	10
0231	1450	0736	10
0186	0370	0827	11
0280	0349	0816	11
0385	0390	0803	11
0165	0459	0803	11
0224	0349	0812	11
0193	0380	0809	11
0330	0462	0809	11
0255	0576	0802	11
0177	0613	0804	11
0172	0730	0805	11
0247	0668	0803	11
0201	0716	0800	11
0268	0764	0796	11
0161	0881	0802	11
0256	0838	0799	11
0159	0905	0800	11
0134	0961	0796	11
0221	0857	0794	11
0180	0891	0799	11
0302	0976	0798	11
0224	1097	0794	11
0280	1210	0796	11
0150	1183	0801	11
0146	1361	0789	11
0202	1330	0792	11
0201	1382	0796	11
0212	1427	0794	11
0289	1501	0793	11
0142	0470	0887	12
0219	0376	0876	12
0229	0410	0868	12
0128	0451	0862	12
0371	0354	0870	12
0354	0578	0880	12
0171	0663	0873	12