0223	0359	0147	1
0425	0376	0157	1
0325	0369	0158	1
0207	0380	0163	1
0286	0366	0167	1
0807	0391	0182	1
0198	0460	0190	1
0177	0439	0189	1
0213	0474	0187	1
0399	0533	0196	1
0231	0580	0194	1
0421	0559	0198	1
0387	0650	0219	1
0287	0569	0218	1
0327	0678	0226	1
0195	0741	0230	1
0182	0727	0228	1
0321	0760	0233	1
0380	0878	0255	1
0208	0895	0241	1
0153	1001	0242	1
0375	0966	0239	1
0271	1012	0231	1
0421	0991	0224	1
0436	1039	0218	1
0593	1111	0220	1
0195	1186	0246	1
0255	1183	0231	1
0666	1199	0218	1
0311	1161	0221	1
0343	1199	0224	1
0526	1264	0216	1
0395	1323	0214	1
0327	1352	0217	1
0316	1252	0214	1
0241	1397	0214	1
0284	1429	0220	1
0286	1480	0223	1
0169	0748	0280	2
0160	0413	0290	2
1231	0430	0282	2
0671	0443	0274	2
0525	0421	0280	2
0752	0543	0285	2
0613	0593	0307	2
0228	0631	0339	2
0759	0628	0298	0
0121	0684	0325	0
0250	0424	0328	0
0183	0437	0288	2
0451	0555	0285	2
0193	0682	0266	2
0308	0657	0270	2
0246	0746	0273	2
0527	0726	0286	2
0500	0772	0297	2
0469	0801	0285	2
0170	0885	0300	2
0308	0859	0294	2
0155	0633	0382	0
0203	0834	0320	0
0143	0741	0313	0
0214	0755	0242	2
0209	0704	0239	2
0404	0883	0253	2
0206	0998	0272	2
0263	0967	0279	2
0311	1056	0285	2
0277	1107	0284	2
0318	1177	0281	2
0443	1162	0279	2
0193	1146	0274	2
0347	1199	0265	2
0303	1273	0269	2
0373	1320	0270	2
0284	1304	0267	2
0228	1407	0265	2
0286	1449	0255	2
0197	1498	0255	2
0303	0361	0268	3
0167	0410	0306	3
0485	0393	0331	3
0748	0476	0343	3
0165	0588	0342	3
0377	0555	0338	3
0208	0650	0332	3
0355	0621	0329	3
0329	0650	0334	3
0293	0713	0338	3
0249	0808	0334	3
0458	0790	0339	3
0983	0833	0338	3
0179	0965	0318	3
0305	0932	0318	3
0774	0894	0321	3
0231	0962	0326	3
0513	1027	0330	3
0755	1186	0330	3
0425	1338	0341	3
0381	1280	0329	3
0427	1185	0331	3
0576	1058	0346	3
0245	1238	0334	3
1263	1180	0348	3
0811	1098	0308	0
0266	1199	0389	0
0378	1181	0416	0
0181	1175	0356	3
0278	1180	0346	3
0438	1285	0351	3
0452	1360	0352	3
0299	1244	0363	3
0205	0972	0411	0
0200	0522	0411	4
0197	0399	0414	4
0281	0432	0408	4
0040	0442	0511	0
0281	0446	0414	4
0767	0424	0409	4
0351	0581	0415	4
0674	0513	0418	4
0487	0415	0408	4
0131	0475	0405	4
0211	1399	0382	3
0167	1360	0353	3
0148	1314	0351	3
0153	1349	0352	3
0172	0473	0397	4
0360	0410	0411	4
0363	0455	0410	4
0359	0488	0405	4
0315	0451	0404	4
0951	0420	0406	4
0207	0391	0404	4
0572	0520	0396	4
0225	0596	0407	4
0563	0575	0402	4
0253	0603	0407	4
0340	0572	0406	4
0629	0639	0412	4
0625	0629	0406	4
0327	0668	0414	4
0364	0715	0409	4
0402	0770	0407	4
0278	0804	0403	4
0398	0782	0405	4
0167	0806	0396	4
0192	0790	0422	4
0455	0774	0403	4
0483	0803	0396	4
0347	0858	0396	4
0280	0899	0390	4
0190	0969	0383	4
0314	0953	0386	4
0431	0870	0386	4
0215	0907	0386	4
0389	0988	0382	4
0516	1041	0372	4
0198	1085	0371	4
0169	1181	0384	4
0276	1159	0370	4
0506	1220	0366	4
0366	1241	0358	4
0299	1336	0365	4
0298	1382	0368	4
0389	1422	0365	4
0575	1467	0367	4
0501	1420	0366	4
0292	1490	0379	4
0231	1479	0378	4
0184	1562	0376	4
1106	1540	0382	4
0206	0787	0464	5
0145	0430	0473	5
0274	0421	0462	5
1373	0448	0469	5
0264	0464	0464	5
0918	0434	0458	5
1005	0462	0454	5
0278	0506	0457	5
0061	1050	0526	0
0261	0463	0484	5
0209	0457	0533	0
0224	0461	0472	5
0939	0438	0458	5
0259	0539	0479	5
0212	0606	0468	5
0366	0579	0468	5
0352	0664	0470	5
1183	0662	0477	5
0304	0684	0484	5
0521	0683	0493	5
0376	0681	0478	5
0610	0734	0484	5
0514	0794	0489	5
0269	0868	0482	5
0295	0892	0484	5
0914	0940	0481	5
0527	0960	0466	5
0337	1003	0458	5
0387	1040	0452	5
0228	1105	0454	5
0429	1074	0453	5
0514	1129	0457	5
0454	1195	0474	5
0693	1255	0456	5
0254	1320	0463	5
0827	1308	0461	5
0390	1354	0469	5
0434	1405	0458	5
0506	1360	0464	5
0351	1387	0456	5
0285	1437	0461	5
0170	1021	0484	0
0168	0590	0512	6
0149	0349	0523	6
0177	0400	0517	6
0682	0395	0520	6
0303	0459	0518	6
0234	0526	0517	6
0228	0820	0488	6
0337	0797	0454	6
0193	0435	0509	6
0309	0379	0508	6
0419	0492	0509	6
0964	0577	0515	6
0332	0697	0528	6
0330	1359	0642	0
0122	0665	0478	0
0219	0412	0526	6
1219	0385	0521	6
0226	0397	0513	6
0129	0532	0517	6
0242	0362	0565	6
0624	0399	0575	6
0472	0386	0518	6
0203	0467	0521	6
0324	0521	0524	6
0251	0573	0514	6
0283	0632	0512	6
0267	0612	0511	6
0398	0686	0514	6
0193	0812	0527	6
0349	0781	0517	6
0776	0862	0536	6
0473	1568	0618	0
0248	0723	0577	0
0155	0657	0557	0
0306	0644	0516	6
0272	0667	0495	6
0191	0797	0498	6
0355	0775	0500	6
0591	0955	0505	6
0201	1046	0502	6
0244	1026	0504	6
0268	1037	0499	6
0490	1136	0496	6
0439	1192	0504	6
0256	1227	0498	6
0179	1329	0500	6
0529	1306	0495	6
0465	1334	0487	6
0233	1354	0490	6
0361	1420	0491	6
0257	1453	0488	6
0415	1510	0488	6
0216	1438	0499	6
0295	1452	0501	6
0328	1471	0501	6
0184	1521	0511	6
0212	0414	0593	7
0231	0392	0586	7
0157	1294	0516	0
0162	0351	0550	7
0303	0405	0573	7
0693	0506	0584	7
0421	0546	0581	7
0496	0530	0591	7
0305	0497	0592	7
0322	0610	0588	7
0220	0597	0579	7
0156	0739	0577	7
0221	0702	0574	7
0314	0685	0573	7
1913	0727	0575	7
0206	0753	0557	7
0837	0707	0583	7
1879	0695	0588	7
0567	0611	0594	7
0435	0590	0574	7
0269	0586	0578	7
0357	0632	0587	7
0276	0627	0588	7
0402	0708	0578	7
0352	0746	0576	7
1250	0802	0576	7
0704	0861	0580	7
1978	0905	0573	7
0963	0920	0594	7
0198	0737	0666	8
0180	0683	0663	8
0222	0662	0659	8
0153	0640	0619	7
0266	0654	0602	7
0462	0729	0602	7
0464	0769	0600	7
0295	0823	0589	7
0344	0878	0588	7
0586	0907	0582	7
0229	0961	0579	7
0395	1023	0578	7
0216	1107	0579	7
0381	1022	0588	7
0511	1111	0588	7
0225	1295	0584	7
0346	1246	0570	7
0158	1326	0587	7
0291	1357	0580	7
0381	1329	0586	7
0232	1418	0590	7
0455	1462	0588	7
0217	1498	0586	7
0128	0669	0576	7
0213	1422	0559	7
0207	1470	0569	7
0151	0596	0628	8
0217	0375	0631	8
0272	0384	0622	8
0258	0438	0625	8
0144	0497	0627	8
0155	0570	0634	8
0285	0548	0633	8
0408	0660	0621	8
0514	0720	0620	8
0965	0765	0622	8
0681	0814	0630	8
0287	0768	0637	8
1077	0792	0639	8
0237	0841	0635	8
0379	0813	0630	8
0284	0840	0628	8
0714	0820	0632	8
0785	0849	0634	8
0343	0827	0640	8
0844	0863	0645	8
0236	0913	0631	8
0313	0930	0641	8
0242	0973	0630	8
0462	1002	0631	8
0317	1029	0635	8
0414	1060	0636	8
0262	1197	0636	8
0292	1134	0634	8
0270	1168	0624	8
0323	1202	0628	8
0300	1139	0629	8
0328	1203	0622	8
0296	1186	0617	8
0476	1222	0624	8
0382	1261	0626	8
0310	1300	0624	8
0539	1353	0633	8
0196	1459	0628	8
0227	1433	0626	8
0625	1470	0624	8
0363	1437	0614	8
0315	1470	0611	8
0179	0434	0674	9
0161	0356	0689	9
0355	0388	0689	9
1221	0429	0697	9
0603	0416	0705	9
0413	0464	0689	9
0244	0512	0697	9
0242	0526	0704	9
1330	0513	0699	9
0212	0555	0706	9
0226	0535	0702	9
0244	0597	0703	9
0348	0529	0709	9
0240	0605	0717	9
0232	0590	0712	9
0539	0616	0713	9
0291	0632	0715	9
0062	0720	0712	9
0182	0708	0733	9
0949	0719	0706	9
0167	0758	0711	9
0407	0793	0708	9
0889	0855	0704	9
0159	0917	0702	9
0392	0972	0709	9
0338	0994	0706	9
0285	1063	0703	9
0864	1104	0702	9
0237	1121	0695	9
0181	1226	0691	9
0315	1190	0700	9
0354	1261	0700	9
0178	1329	0709	9
0687	1336	0699	9
0247	1367	0692	9
0356	1384	0690	9
0214	1500	0698	9
0596	1467	0692	9
0316	1500	0682	9
0257	1467	0687	9
0194	1541	0685	9
0368	1554	0690	9
0179	1485	0654	0
0284	1478	0628	0
0288	1553	0670	9
0153	0468	0750	10
0140	0360	0764	10
0348	0381	0766	10
0460	0422	0777	10
0765	0509	0786	10
0193	0699	0658	0
0285	0664	0634	0
0126	0463	0892	0
0188	0404	0832	0
0435	0401	0781	10
0324	0533	0779	10
0406	0517	0777	10
0395	0577	0773	10
0675	0606	0774	10
0506	0645	0768	10
0274	0704	0766	10
0242	0682	0771	10
0226	0741	0774	10
0241	0811	0765	10
0198	0870	0763	10
0245	0811	0765	10
0194	0834	0759	10
0410	0899	0750	10
0129	0938	0749	10
0343	1027	0736	10
0138	1048	0739	10
0185	1091	0746	10
0421	1079	0736	10
0201	1133	0740	10
0164	1146	0740	10
0371	1090	0740	10
0357	1079	0735	10
0912	1067	0733	10
0540	1158	0741	10
0225	1145	0733	10
0577	1175	0739	10
0258	1194	0738	10
0248	1181	0748	10
0329	1136	0749	10
0453	1153	0737	10
0361	1196	0734	10
0167	1237	0734	10
0264	1268	0733	10
0063	1323	0740	10
0177	1376	0742	10
0165	1339	0742	10
0180	1481	0741	10
0131	1446	0739	10
0189	0399	0789	11
0355	0365	0810	11