0047	0376	0156	1
0195	0440	0128	1
0198	0367	0115	1
0205	0444	0125	1
0161	0505	0129	1
0108	0503	0203	0
0126	0553	0149	0
0222	0572	0124	1
0424	0651	0118	1
0321	0690	0123	1
0369	0769	0121	1
0224	0841	0123	1
0856	0752	0131	1
0238	0857	0124	1
0300	0937	0130	1
0243	0973	0134	1
0281	1022	0128	1
0417	1098	0127	1
0367	1141	0121	1
0424	1120	0121	1
0212	1017	0130	1
0239	0982	0134	1
0216	1025	0124	1
0289	0889	0136	1
0241	0818	0135	1
0210	0739	0137	1
0410	0759	0136	1
0106	0777	0124	1
0320	0830	0134	1
0256	0921	0129	1
0316	0975	0128	1
0602	0909	0131	1
0279	0980	0127	1
0674	1032	0141	1
0294	1044	0130	1
0232	1101	0122	1
0323	1129	0105	1
0691	1215	0124	1
0312	1256	0131	1
0572	1230	0131	1
0119	1208	0127	1
0345	1112	0121	1
0287	1146	0122	1
0436	1222	0128	1
0201	1245	0119	1
0204	1287	0117	1
0171	1386	0105	1
0068	1410	0109	1
0126	0482	0151	2
0199	0352	0181	2
0311	0373	0189	2
0247	0413	0181	2
0276	0382	0177	2
0581	0500	0193	2
0799	0524	0201	2
0213	0516	0200	2
0137	0544	0198	2
0327	0586	0204	2
0366	0654	0196	2
0281	0767	0203	2
0338	0672	0203	2
0062	0698	0199	2
0116	0703	0205	2
0251	0761	0197	2
0314	0868	0201	2
0385	0963	0193	2
0334	1002	0204	2
0249	0956	0200	2
0332	0995	0206	2
0622	1026	0200	2
0427	1092	0190	2
0286	1182	0185	2
0595	1223	0193	2
0179	1276	0194	2
0121	1333	0171	2
0570	1363	0180	2
0252	1396	0175	2
0192	1415	0177	2
0134	0828	0216	0
0131	0448	0238	3
0247	0368	0255	3
0248	0422	0246	3
0152	0505	0245	3
0174	0560	0251	3
0235	0529	0251	3
0208	0592	0247	3
0237	0566	0251	3
0349	0596	0242	3
0168	0570	0238	3
0374	0626	0245	3
0231	0679	0243	3
0090	0718	0242	3
0164	0869	0233	3
0330	0840	0256	3
0182	0823	0264	3
0200	0959	0267	3
0218	0939	0264	3
0344	1000	0259	3
0169	1114	0246	3
0279	1176	0258	3
0307	1298	0265	3
0367	1367	0261	3
0291	1332	0260	3
0136	1299	0268	3
0268	1403	0263	3
0044	1460	0211	0
0333	1447	0248	3
0149	0672	0318	4
0178	0372	0331	4
0140	0360	0330	4
0107	0359	0311	4
0129	0318	0333	4
0157	0348	0321	4
0226	0371	0319	4
0326	0464	0317	4
0232	0542	0323	4
0152	0510	0319	4
0329	0572	0316	4
0221	0603	0316	4
0796	0573	0314	4
0385	0502	0317	4
0177	0586	0304	4
0497	0642	0311	4
0364	0727	0310	4
0149	0768	0308	4
0167	0851	0305	4
0187	0909	0308	4
0234	0922	0305	4
0264	0992	0307	4
0637	0968	0317	4
0240	1043	0321	4
0147	0943	0318	4
0356	0965	0322	4
0333	1030	0308	4
0329	1107	0316	4
0235	1181	0316	4
0336	1249	0321	4
0307	1360	0314	4
0270	1440	0310	4
0186	1383	0325	4
0262	0921	0306	4
0289	1015	0254	0
0128	1394	0319	4
0168	1474	0315	4
0172	0614	0363	5
0136	0398	0381	5
0159	0371	0384	5
0177	0437	0378	5
0220	0492	0376	5
0250	0539	0378	5
0285	0631	0378	5
0201	0697	0387	5
0626	0777	0379	5
0116	0701	0387	5
0128	0833	0388	5
0079	0866	0366	5
0171	0921	0371	5
0249	0959	0382	5
0279	1024	0378	5
0226	1062	0377	5
0311	1155	0372	5
0209	1249	0369	5
0216	1306	0370	5
0287	1386	0377	5
0360	1407	0383	5
0172	1464	0376	5
0187	0624	0438	6
0143	0408	0447	6
0155	0345	0442	6
0127	0315	0438	6
0203	0378	0440	6
0271	0447	0440	6
0155	0538	0439	6
0074	0535	0429	6
0355	0626	0447	6
0357	0697	0442	6
0178	0833	0438	6
0290	0806	0440	6
0397	0862	0437	6
0276	0902	0430	6
0405	0969	0429	6
0185	0940	0432	6
0297	0912	0435	6
0231	0936	0434	6
0638	0968	0442	6
0163	1010	0440	6
0345	0937	0456	6
0288	0902	0458	6
0292	0911	0451	6
0641	0871	0440	6
0615	0923	0411	6
0480	0946	0409	6
0575	0975	0423	6
0144	1005	0426	6
0183	1084	0419	6
0179	1052	0426	6
0308	1109	0423	6
0305	1167	0420	6
0223	1247	0418	6
0211	1143	0410	6
0180	0963	0422	6
0210	0911	0423	6
0175	1010	0422	6
0234	1092	0404	6
0687	1113	0419	6
1105	1089	0415	6
0139	0921	0884	0
0116	1066	0448	0
0296	1084	0415	6
0382	1107	0412	6
0538	1121	0407	6
0308	1150	0400	6
0231	1177	0403	6
0270	1214	0408	6
0242	1300	0416	6
0165	1293	0417	6
0411	1348	0419	6
0291	1315	0416	6
0237	1338	0410	6
0155	1022	0406	0
0141	0462	0427	6
0504	0282	0440	6
0190	0347	0427	6
0237	0427	0429	6
0254	0478	0427	6
0332	0432	0437	6
0239	0501	0462	7
0109	0462	0478	7
0366	0361	0490	7
0226	0402	0489	7
0285	0356	0493	7
0854	0480	0495	7
0335	0540	0491	7
0206	0602	0489	7
0251	0688	0498	7
0337	0767	0487	7
0209	0827	0482	7
0427	0805	0483	7
0236	0859	0486	7
0145	0832	0503	7
0174	0888	0496	7
0278	0941	0490	7
0172	1016	0473	7
0201	0992	0470	7
0453	1052	0475	7
0247	1066	0482	7
0161	1152	0476	7
0156	1116	0480	7
0245	1158	0479	7
0281	1228	0487	7
0561	1289	0484	7
0542	1337	0487	7
0122	1382	0465	7
0115	1327	0485	7
0457	1286	0491	7
0356	1245	0488	7
0178	1298	0490	7
0610	1335	0492	7
0282	1359	0510	7
0327	1378	0522	7
0420	1439	0516	7
0337	1349	0519	7
0323	1237	0517	7
0314	1288	0520	7
0333	1342	0521	7
0130	1344	0526	7
0608	1386	0501	7
0211	1462	0501	7
0198	1272	0500	7
0142	1417	0512	7
0299	1452	0506	7
0458	1472	0497	7
0160	0611	0607	8
0114	0392	0583	8
0322	0342	0576	8
0204	0453	0568	8
0186	0496	0565	8
0174	0604	0568	8
0171	0691	0563	8
0166	0680	0573	8
0151	0715	0570	8
0224	0840	0567	8
0195	0868	0562	8
0103	0962	0558	8
0115	0966	0553	8
0346	0890	0560	8
0163	0869	0550	8
0236	0960	0546	8
0253	0943	0544	8
0336	0993	0550	8
0320	1075	0548	8
0801	1140	0565	8
0246	1081	0566	8
0092	1122	0579	8
0602	1079	0559	8
0436	1142	0554	8
0142	1241	0564	8
0138	1211	0554	8
0549	1272	0538	8
0318	1354	0538	8
0253	1421	0532	8
0186	1454	0534	8
0301	1335	0541	8
0166	1374	0545	8
0129	1434	0543	8
0153	0485	0596	9
0322	0350	0622	9
0237	0413	0616	9
0667	0479	0618	9
0543	0550	0621	9
0205	0662	0627	9
0308	0541	0622	9
0231	0565	0627	9
0458	0546	0634	9
0280	0588	0629	9
0366	0649	0628	9
0236	0721	0619	9
0190	0712	0618	9
0277	0749	0614	9
0327	0791	0611	9
0144	0792	0651	0
0216	0868	0613	9
0443	0725	0610	9
0385	0766	0618	9
0319	0793	0622	9
0341	0825	0629	9
0135	0845	0628	9
0093	0866	0627	9
0186	0937	0604	9
0254	0980	0603	9
0225	0936	0599	9
0182	1024	0607	9
0258	1086	0610	9
0163	1121	0617	9
0419	1204	0617	9
0442	1260	0617	9
0270	1348	0619	9
0351	1398	0617	9
0223	1386	0616	9
0119	1426	0609	9
0306	1468	0616	9
0333	1499	0619	9
0120	0982	0640	0
0100	0492	0654	10
0326	0354	0678	10
0519	0419	0678	10
0164	0466	0681	10
0267	0552	0681	10
0260	0615	0680	10
0626	0703	0684	10
0641	0772	0684	10
0373	0705	0690	10
0267	0765	0686	10
0204	0794	0713	0
0694	0889	0681	10
0135	0971	0671	10
0277	0998	0670	10
0259	0953	0684	10
0231	1007	0673	10
0333	1101	0678	10
0840	1190	0678	10
0435	1264	0690	10
0201	1293	0654	10
0189	0946	0655	10
0659	0896	0667	10
0227	0881	0655	10
0319	0985	0655	10
0221	1046	0661	10
0508	1131	0663	10
0133	1224	0659	10
0106	1288	0662	10
0036	1272	0851	0
0308	1336	0678	10
0341	1387	0666	10
0292	1472	0663	10
0106	0465	0731	11
0866	0362	0744	11
0345	0458	0749	11
0228	0522	0753	11
0298	0578	0756	11
0189	0603	0754	11
0099	0641	0797	0
0178	0743	0729	11
0324	0726	0741	11
0166	0767	0744	11
0279	0800	0735	11
0394	0905	0717	11
0114	0931	0731	11
0190	1018	0729	11
0485	1053	0737	11
0625	1091	0735	11
0208	1133	0738	11
0163	1112	0739	11
0133	1211	0769	0
0172	1122	0725	11
0221	1078	0725	11
0336	1161	0724	11
0265	1096	0724	11
0583	1128	0724	11
0235	1220	0724	11
0166	1198	0722	11
0848	1309	0728	11
0273	1350	0736	11
0160	1392	0727	11
0218	1446	0723	11
0121	0534	0758	12
0133	0366	0788	12
0461	0326	0792	12
0272	0372	0787	12
0284	0363	0791	12
0158	0414	0792	12
0261	0470	0793	12
0299	0546	0794	12
0213	0574	0794	12
0285	0658	0781	12
0156	0644	0778	12
0117	0741	0782	12
0126	0675	0862	0
0189	0740	0770	12
0304	0786	0780	12
0564	0904	0778	12
0215	0887	0777	12
0183	0985	0781	12
0339	1062	0783	12
0176	1037	0785	12
0344	1091	0818	0
0393	1068	0790	12
0350	1027	0789	12
0332	1085	0788	12
0417	1165	0785	12
0413	1105	0786	12
0151	1141	0792	12
0238	1207	0794	12
0449	1277	0786	12
0280	1368	0778	12
0281	1424	0780	12
0355	1378	0779	12
0389	1430	0767	12
0161	1435	0768	12
0146	0433	0815	13
0536	0362	0821	13
0742	0456	0837	13
0182	0492	0836	13
0501	0473	0848	13
0280	0503	0843	13
0313	0478	0847	13
0197	0510	0852	13
0211	0560	0858	13
0178	0599	0983	0
0371	0688	0878	13
0422	0799	0838	13
0218	0791	0841	13
0279	0848	0848	13
0200	0968	0867	13
0133	1019	0862	13
0343	1033	0927	0
0450	1005	0871	13
0221	1080	0870	13
0421	1110	0872	13
0402	0789	0432	0
0049	0551	0789	0
0079	0526	0915	0
0051	0564	0803	0
0028	0451	0801	0
0732	0565	0813	0
0065	0790	0902	0
0404	1179	0931	13