0099	0523	0154	1
0312	0431	0139	1
0150	0528	0132	1
0142	0662	0132	1
0198	0715	0131	1
0187	0828	0134	1
0187	0862	0141	1
0144	0848	0138	1
0251	0966	0148	1
0086	0901	0141	1
0211	0978	0151	1
0205	1032	0149	1
0287	1119	0151	1
0166	1300	0158	1
0229	1225	0148	1
0321	1278	0151	1
0251	1138	0151	1
0130	1253	0154	1
0153	1356	0162	1
0154	1392	0162	1
0074	1454	0163	1
0088	0535	0178	2
0300	0406	0214	2
0124	0465	0205	2
0262	0507	0207	2
0207	0590	0206	2
0199	0654	0200	2
0086	0607	0202	2
0198	0680	0197	2
0221	0728	0200	2
0262	0798	0200	2
0182	0942	0207	2
0175	0904	0201	2
0366	1084	0207	2
0234	1223	0211	2
0242	1179	0213	2
0130	1212	0208	2
0215	1267	0208	2
0381	1248	0213	2
0178	1307	0213	2
0378	1404	0219	2
0071	1473	0215	2
0091	0544	0229	3
0191	0387	0251	3
0147	0386	0260	3
0285	0471	0256	3
0407	0555	0253	3
0159	0628	0254	3
0186	0692	0252	3
0165	0627	0257	3
0133	0746	0261	3
0271	0828	0262	3
0240	0922	0268	3
0187	0952	0270	3
0205	1075	0270	3
0156	1041	0272	3
0279	1135	0269	3
0067	1223	0278	3
0214	1310	0288	3
0182	1252	0277	3
0175	1387	0287	3
0325	1345	0283	3
0170	1434	0289	3
0119	0557	0337	4
0189	0388	0347	4
0315	0415	0331	4
0392	0473	0320	4
0117	1265	0261	3
0129	1422	0259	3
0249	1350	0274	3
0114	1434	0276	3
0246	1345	0279	3
0323	1384	0286	3
0327	1363	0284	3
0136	1450	0279	3
0362	1332	0273	3
0331	1364	0281	3
0120	1418	0288	3
0099	0421	0362	4
0391	0391	0341	4
0233	0446	0330	4
0154	0507	0324	4
0253	0568	0321	4
0197	0752	0321	4
0193	0694	0318	4
0284	0754	0326	4
0210	0600	0337	4
0247	0572	0343	4
0176	0631	0342	4
0170	0682	0330	4
0170	0728	0333	4
0132	0933	0339	4
0566	0910	0330	4
0295	0949	0329	4
0220	0920	0331	4
0165	0890	0328	4
0307	1027	0332	4
0231	1095	0334	4
0180	1170	0341	4
0409	1218	0344	4
0260	1294	0344	4
0199	1324	0345	4
0264	1386	0342	4
0248	1480	0353	4
0188	1505	0356	4
0087	0692	0385	0
0331	0426	0416	5
0275	0515	0405	5
0043	0597	0391	5
0239	0632	0417	5
0209	0703	0406	5
0168	0765	0395	5
0229	0860	0388	5
0311	0889	0390	5
0208	0879	0390	5
0167	0987	0394	5
0265	1034	0393	5
0255	1071	0393	5
0256	1220	0402	5
0243	1174	0399	5
0562	1224	0401	5
0149	1259	0404	5
0496	1338	0406	5
0375	1410	0409	5
0073	1419	0406	5
0282	1331	0396	5
0626	1412	0406	5
0250	1449	0413	5
0106	1497	0415	5
0087	0555	0484	6
0136	0396	0494	6
0178	0410	0480	6
0393	0497	0461	6
0512	0611	0473	6
0113	0671	0473	6
0254	0791	0469	6
0214	0737	0469	6
0255	0800	0470	6
0317	0833	0470	6
0189	0911	0464	6
0157	0994	0464	6
0305	1038	0461	6
0275	1113	0455	6
0206	1158	0454	6
0172	1118	0454	6
0228	1304	0464	6
0205	1279	0466	6
0211	1408	0467	6
0106	0599	0518	7
0521	0416	0534	7
0125	0473	0525	7
0252	0550	0536	7
0142	0714	0538	7
0283	0688	0531	7
0248	0715	0526	7
0296	0806	0520	7
0194	0852	0520	7
0392	0830	0519	7
0294	0850	0521	7
0552	0890	0523	7
0148	0946	0521	7
0240	1020	0520	7
0212	1084	0518	7
0218	1153	0516	7
0176	1169	0518	7
0203	1237	0520	7
0165	1289	0524	7
0080	1244	0520	7
0316	1054	0516	7
0266	1113	0517	7
0156	1161	0519	7
0141	1104	0514	7
0171	1176	0519	7
0382	1265	0529	7
0178	1307	0533	7
0381	1418	0538	7
0049	0798	0529	0
0130	0458	0606	8
0214	0415	0601	8
0131	0457	0593	8
0292	0542	0591	8
0202	0612	0591	8
0152	0648	0590	8
0254	0746	0587	8
0175	0920	0586	8
0445	0871	0585	8
0146	1112	0586	8
0336	1050	0578	8
0266	0930	0579	8
0149	0965	0579	8
0157	1105	0581	8
0169	1154	0582	8
0259	1213	0585	8
0220	1251	0584	8
0423	1340	0588	8
0193	1327	0587	8
0266	1468	0591	8
0135	0457	0654	9
0684	0385	0668	9
0161	0466	0664	9
0110	0426	0665	9
0165	0522	0668	9
0207	0575	0669	9
0183	0664	0664	9
0190	0716	0664	9
0170	0674	0664	9
0150	0741	0663	9
0239	0806	0668	9
0157	0829	0661	9
0233	0934	0655	9
0142	0967	0653	9
0210	1086	0652	9
0273	1060	0655	9
0182	1202	0656	9
0036	1182	0656	9
0209	1113	0654	9
0164	1148	0652	9
0262	1242	0654	9
0170	1316	0656	9
0417	1350	0664	9
0183	1375	0660	9
0311	1399	0655	9
0135	1450	0659	9
0177	1330	0653	9
0286	1250	0651	9
0265	1331	0652	9
0195	1420	0656	9
0154	1402	0658	9
0063	1455	0662	9
0111	0466	0730	10
0170	0384	0733	10
0430	0425	0728	10
0120	0487	0723	10
0256	0537	0727	10
0229	0589	0729	10
0213	0654	0724	10
0284	0728	0720	10
0139	0758	0718	10