0220	0381	0143	1
0150	0460	0157	1
0191	0476	0153	1
0274	0392	0146	1
0227	0535	0143	1
0167	0526	0146	1
0203	0645	0156	1
0190	0675	0154	1
0366	0740	0162	1
0179	0879	0163	1
0234	0960	0168	1
0404	0763	0168	1
0269	0834	0170	1
0257	0744	0169	1
0232	0914	0177	1
0370	1058	0179	1
0306	1108	0182	1
0117	1136	0182	1
0248	1208	0197	1
0157	1242	0202	1
0583	1320	0198	1
0222	1387	0204	1
0135	0551	0199	2
0231	0425	0224	2
0557	0400	0227	2
0224	0456	0222	2
0256	0581	0231	2
0316	0570	0240	2
0276	0650	0230	2
0475	0725	0234	2
0502	0691	0222	2
0217	0734	0223	2
0374	0846	0227	2
0199	0831	0233	2
0169	0936	0244	2
0240	0953	0246	2
0183	0969	0240	2
0218	1033	0247	2
0303	1107	0256	2
0239	1149	0255	2
0267	1238	0260	2
0091	1226	0265	2
0753	1330	0278	2
0135	1356	0274	2
0705	1456	0271	2
0141	0539	0264	3
0140	0428	0286	3
0583	0395	0283	3
0383	0376	0280	3
0405	0482	0271	3
0313	0540	0274	3
0378	0624	0286	3
0186	0635	0278	3
0459	0766	0288	3
0187	0831	0290	3
0262	0857	0288	3
0249	0988	0297	3
0336	0968	0298	3
0289	1028	0306	3
0286	1099	0306	3
0278	1153	0315	3
0320	1272	0322	3
0312	1370	0313	3
0459	1417	0305	3
0262	1371	0316	3
0306	0608	0317	4
0145	0422	0337	4
0335	0394	0345	4
0306	0528	0347	4
0259	0501	0350	4
0208	0546	0354	4
0197	0660	0357	4
0284	0770	0366	4
0412	0746	0367	4
0325	0840	0368	4
0190	0776	0361	4
0198	0896	0364	4
0169	0918	0367	4
0550	0995	0369	4
0393	1120	0377	4
0405	1280	0384	4
0345	1406	0388	4
0143	1022	0164	1
0130	0532	0139	1
0152	0443	0143	1
0346	0409	0154	1
0346	0586	0156	1
0128	0769	0504	0
0154	0797	0459	0
0199	0810	0417	0
0222	0844	0370	4
0151	1305	0385	4
0387	1419	0396	4
0158	1404	0373	4
0263	1208	0391	4
0212	1265	0394	4
0346	1365	0399	4
0155	1423	0397	4
0123	0656	0446	5
0131	0425	0428	5
0272	0397	0411	5
0290	0484	0408	5
0151	0470	0406	5
0349	0678	0406	5
0460	0784	0420	5
0179	0888	0430	5
0289	0806	0428	5
0221	0900	0446	5
0175	0942	0438	5
0270	0985	0440	5
0311	1083	0439	5
0388	1151	0444	5
0403	1260	0451	5
0486	1172	0441	5
0783	1160	0440	5
0208	1302	0448	5
0192	1322	0452	5
0292	1381	0456	5
0205	1421	0451	5
0413	1368	0447	5
0252	1385	0442	5
0168	1411	0444	5
0173	1297	0442	5
0282	1280	0442	5
0181	1323	0446	5
0325	1376	0448	5
0207	1392	0447	5
0338	1476	0441	5
0151	0762	0494	6
0142	0476	0488	6
0467	0404	0484	6
0310	0377	0473	6
0339	0444	0468	6
0208	0400	0467	6
0262	0389	0463	6
0469	0557	0475	6
0322	0707	0483	6
0471	0671	0485	6
0209	0708	0487	6
0254	0889	0496	6
0931	0834	0487	6
0177	0887	0485	6
0227	0900	0486	6
0303	0835	0491	6
0172	1036	0500	6
0192	1044	0501	6
0323	0988	0491	6
0240	1158	0494	6
0395	1200	0496	6
0219	1226	0498	6
0149	1250	0499	6
0163	1341	0504	6
0268	1316	0505	6
0193	1358	0506	6
0147	0644	0531	7
0156	0438	0532	7
0243	0394	0528	7
0478	0381	0523	7
0303	0370	0531	7
0413	0441	0534	7
0348	0545	0537	7
0345	0521	0539	7
0251	0683	0555	7
0229	0656	0560	7
0176	0643	0563	7
0189	0700	0561	7
0214	0742	0559	7
0394	0823	0556	7
0221	0899	0558	7
0258	0972	0553	7
0145	0993	0554	7
0210	1126	0562	7
0507	1106	0563	7
0174	1162	0559	7
0415	1274	0561	7
0589	1345	0561	7
0268	1451	0556	7
0202	1479	0554	7
0150	0542	0630	9
0134	0377	0633	9
0165	0381	0649	9
0397	0424	0663	9
0163	0394	0657	9
0063	0513	0590	8
0164	1445	0599	8
0367	1462	0559	7
0214	1524	0541	7
0160	0568	0591	8
0148	0380	0593	8
0351	0368	0573	8
0256	0437	0573	8
0441	0505	0587	8
0299	0559	0593	8
0148	0549	0598	8
0268	0685	0611	8
0303	0709	0612	8
0212	0812	0617	8
0263	0887	0608	8
0303	1005	0613	8
0603	0981	0612	8
0295	1141	0617	8
0270	1207	0621	8
0435	1119	0619	8
0163	1156	0619	8
0229	1113	0613	8
0334	1104	0610	8
0213	1136	0617	8
0297	1214	0618	8
0254	1296	0623	8
0348	1342	0632	8
0294	1329	0628	8
0217	1364	0630	8
0275	1260	0626	8
0288	1299	0624	8
0245	1324	0623	8
0326	1350	0624	8
0316	1376	0623	8
0206	1358	0623	8
0246	1461	0624	8
0151	0551	0667	9
0123	0439	0667	9
0202	0397	0653	9
0782	0368	0648	9
0333	0502	0666	9
0264	0612	0670	9
0357	0533	0664	9
0287	0626	0662	9
0247	0715	0658	9
0220	0799	0664	9
0210	0896	0672	9
0333	0864	0678	9
0278	0967	0681	9
0278	1055	0685	9
0314	1114	0676	9
0106	1095	0674	9
0349	1053	0674	9
0196	1160	0676	9
0232	1236	0684	9
0280	1214	0680	9
0242	1262	0679	9
0297	1198	0676	9
0249	1226	0683	9
0161	1277	0685	9
0270	1372	0696	9
0248	1428	0696	9
0160	0549	0727	10
0144	0429	0739	10
0325	0388	0734	10
0067	0408	0728	10
0169	0498	0728	10
0192	0511	0726	10
0077	0612	0733	10
0207	1320	0686	9
0089	1357	0689	9
0157	1004	0243	0
0115	0497	0152	1
0121	0341	0131	1
0306	0388	0142	1
0210	0514	0142	1
0212	0576	0150	1
0179	0746	0148	1
0164	0849	0159	1
0318	0968	0175	1
0171	0941	0167	1
0244	1109	0170	1