0441	0378	0155	1
0124	0433	0161	1
0167	0490	0154	1
0250	0520	0150	1
0274	0496	0156	1
0268	0586	0149	1
0110	0646	0139	1
0290	0594	0137	1
0114	0844	0167	1
0124	0852	0149	1
0245	0774	0146	1
0129	0826	0147	1
0180	0882	0155	1
0717	0968	0153	1
0194	0951	0153	1
0163	0966	0155	1
0263	0974	0157	1
0165	0992	0158	1
0301	1091	0168	1
0234	1079	0169	1
0404	1113	0175	1
0279	1078	0166	1
0154	1131	0168	1
0136	1207	0173	1
0287	1283	0176	1
0247	1262	0174	1
0180	1365	0180	1
0412	1390	0178	1
0355	1410	0176	1
0166	0532	0220	2
0466	0390	0220	2
0144	0428	0217	2
0204	0461	0218	2
0339	0509	0220	2
0481	0461	0232	2
0177	0474	0234	2
0285	0542	0235	2
0307	0618	0232	2
0131	0671	0234	2
0338	0727	0232	2
0284	0763	0229	2
0137	0848	0244	2
0411	0896	0230	2
0141	0946	0213	2
0335	0992	0216	2
0251	0977	0218	2
0387	1045	0231	2
0272	0990	0222	2
0142	1034	0232	2
0153	1147	0237	2
0288	1171	0236	2
0189	1257	0235	2
0594	1176	0240	2
0266	1254	0244	2
0082	1261	0246	2
0129	1260	0247	2
0041	1258	0248	2
0137	1356	0244	2
0047	1362	0245	2
0757	1421	0256	2
0428	1458	0263	2
0191	1524	0270	2
0167	1492	0266	2
0178	0361	0380	3
0241	0385	0365	3
0149	0378	0331	0
0179	0375	0303	3
0166	0437	0291	3
0220	0516	0288	3
0237	0500	0300	3
0035	0505	0278	3
0114	0503	0271	3
0058	0690	0310	3
0054	0473	0213	0
0027	0506	0239	0
0061	0504	0207	0
0037	0512	0192	0
0090	0493	0170	0
0028	0520	0185	0
0061	0485	0164	0
0023	0505	0184	0
0074	0900	0321	3
0167	1213	0290	3
0026	1198	0291	3
0028	1230	0291	3
0032	1228	0288	3
0119	1089	0310	3
0037	1084	0318	3
0280	1047	0321	3
0076	1106	0316	3
0064	1110	0318	3
0298	1257	0317	3
0185	1253	0316	3
0229	1276	0323	3
0541	1230	0319	3
0170	1250	0326	3
0326	1322	0334	3
0307	1418	0326	3
0179	1400	0328	3
0402	1415	0325	3
0277	1387	0319	3
0177	1407	0315	3
0301	1427	0317	3
0614	1442	0322	3
0466	1489	0322	3
0118	0466	0368	4
0328	0370	0374	4
0194	0409	0350	4
0569	0467	0361	4
0175	0535	0365	4
0095	0532	0365	4
0156	0642	0362	4
0212	0673	0419	0
0180	0731	0362	4
0164	0764	0355	4
0195	0813	0354	4
0458	0750	0356	4
0151	0765	0352	4
0152	0799	0354	4
0220	0919	0368	4
0135	0894	0355	4
0335	0870	0363	4
0252	0978	0348	4
0048	1020	0362	4
0076	1022	0363	4
0590	1064	0368	4
0246	1079	0367	4
0220	1067	0362	4
0154	1110	0365	4
0329	1138	0377	4
0283	1211	0383	4
0300	1198	0385	4
0171	1220	0388	4
0683	1235	0392	4
0289	1342	0392	4
0182	1326	0393	4
0283	1421	0382	4
0313	1395	0384	4
0264	1452	0379	4
0071	0448	0428	5
0081	0451	0438	5
0132	0385	0447	5
0199	0391	0431	5
0164	0410	0429	5
0235	0357	0421	5
0210	0484	0424	5
0213	0517	0426	5
0296	0552	0427	5
0214	0620	0423	5
0231	0653	0430	5
0143	0618	0431	5
0175	0766	0425	5
0152	0796	0431	5
0183	0812	0430	5
0380	0773	0430	5
0125	0853	0427	5
0270	0920	0433	5
0187	0899	0436	5
0278	1079	0435	5
0167	0983	0434	5
0394	0925	0433	5
0148	0995	0422	5
0039	1094	0446	5
0097	1202	0688	0
0240	1062	0433	5
0149	1110	0434	5
0131	1155	0436	5
0223	1259	0447	5
0129	1230	0446	5
0029	1229	0444	5
0028	1246	0443	5
0109	1261	0445	5
0037	1307	0451	5
0104	1316	0446	5
0388	1236	0434	5
0231	1239	0451	5
0081	1293	0465	5
0031	1296	0471	5
0437	1304	0448	5
0520	1333	0436	5
0265	1394	0454	5
0658	1435	0462	5
0164	0402	0527	6
0348	0374	0502	6
0126	0435	0494	6
0363	0474	0493	6
0288	0509	0488	6
0250	0485	0495	6
0404	0516	0486	6
0051	0633	0484	6
0101	0636	0480	6
0021	0625	0478	6
0115	0625	0478	6
0063	0625	0480	6
0056	0653	0474	6
0040	0655	0482	6
0360	0616	0488	6
0028	0680	0481	6
0046	0706	0477	6
0079	0704	0473	6
0070	0864	0538	0
0140	0855	0492	6
0151	0829	0484	6
0027	0918	0486	6
0025	0918	0485	6
0048	0918	0480	6
0028	1000	0489	6
0037	1032	0502	6
0023	1032	0504	6
0069	1204	0514	6
0027	1191	0519	6
0046	1201	0505	6
0041	1144	0510	6
0039	1199	0505	6
0302	1263	0509	6
0433	1278	0507	6
0244	1354	0504	6
0435	1338	0507	6
0359	1390	0512	6
0425	1364	0512	6
0118	1343	0510	6
0229	1384	0551	0
0082	1410	0497	6
0154	1398	0499	6
0038	1081	0529	0
0042	1078	0529	0
0045	1079	0527	0
0106	0586	0551	7
0162	0432	0552	7
0190	0391	0555	7
0171	0410	0552	7
0309	0523	0568	7
0277	0540	0563	7
0324	0505	0557	7
0198	0500	0566	7
0135	0573	0560	7
0161	0709	0575	7
0134	0724	0570	7
0204	0690	0561	7
0031	0741	0559	7
0146	0737	0557	7
0043	0760	0557	7
0106	0841	0558	7
0118	0843	0557	7
0024	0842	0560	7
0032	0839	0560	7
0043	0837	0564	7
0041	0864	0559	7
0100	0868	0562	7
0168	0996	0590	7
0321	0956	0591	7
0266	1023	0570	7
0472	0972	0577	7
0064	1035	0560	7
0034	1037	0559	7
0138	1032	0580	7
0290	0977	0578	7
0282	1045	0574	7
0387	1023	0570	7
0174	1067	0566	7
0243	1166	0577	7
0243	1134	0577	7
0159	1197	0570	7
0169	1224	0570	7
0122	1245	0560	7
0201	1325	0561	7
0250	1390	0561	7
0128	1383	0561	7
0103	1378	0563	7
0354	1373	0561	7
0080	1398	0564	7
0119	1448	0562	7
0172	1512	0559	7
0133	1527	0560	7
0124	0481	0602	8
0425	0406	0608	8
0169	0350	0614	8
0132	0380	0610	8
0438	0421	0617	8
0221	0511	0632	8
0170	0533	0637	8
0128	0581	0637	8
0377	0636	0644	8
0364	0706	0644	8
0293	0696	0638	8
0210	0719	0634	8
0140	0713	0642	8
0177	0770	0636	8
0424	0821	0640	8
0156	0801	0636	8
0064	0941	0634	8
0120	0993	0636	8
0091	0951	0635	8
0047	0953	0638	8
0320	1154	0640	8
0415	1106	0647	8
0139	1126	0651	8
0173	1163	0651	8
0257	1206	0663	8
0168	1218	0644	8
0586	1306	0643	8
0157	1320	0640	8
0153	1356	0630	8
0427	1306	0631	8
0224	1363	0625	8
0154	1393	0634	8
0183	1460	0635	8
0422	1474	0642	8
0899	1492	0644	8
0125	0532	0713	9
0155	0433	0701	9
0245	0394	0697	9
0321	0483	0710	9
0163	0510	0711	9
0113	0590	0716	9
0449	0636	0748	9
0285	0684	0703	9
0302	0845	0697	9
0143	0862	0698	9
0393	0932	0699	9
0117	0984	0703	9
0168	1018	0706	9
0176	1043	0708	9
0507	1073	0716	9
0334	1224	0721	9
0171	1203	0717	9
0231	1408	0705	9
0272	1460	0696	9
0293	1408	0708	9
0345	1461	0712	9
0361	1465	0716	9
0266	1451	0711	9
0155	1473	0709	9
0420	1483	0707	9
0197	1521	0705	9
0124	0516	0802	0
0328	0401	0768	10
0316	0480	0772	10
0485	0507	0775	10