0041	0368	0151	1
0156	0461	0186	1
0194	0406	0153	1
0155	0520	0150	1
0065	0719	0151	1
0125	0852	0169	1
0059	0977	0176	1
0167	1137	0181	1
0101	1229	0182	1
0238	1299	0178	1
0033	1296	0194	1
0121	0453	0226	2
0119	0400	0219	2
0151	0630	0213	2
0140	0697	0216	2
0177	0939	0230	2
0157	0893	0224	2
0234	1092	0229	2
0168	1234	0250	2
0226	1317	0260	2
0231	1408	0276	2
0060	0484	0309	3
0272	0411	0298	3
0181	0513	0291	3
0242	0670	0300	3
0066	0856	0299	3
0192	1007	0299	3
0110	1049	0295	3
0216	1181	0305	3
0260	1291	0307	3
0122	1358	0320	3
0159	0432	0356	4
0046	0419	0354	4
0209	0533	0342	4
0189	0781	0352	4
0163	0936	0354	4
0230	1020	0354	4
0187	1100	0364	4
0213	1266	0375	4
0230	1398	0382	4
0114	0482	0421	5
0147	0412	0409	5
0178	0677	0424	5
0169	0798	0422	5
0169	0935	0434	5
0093	1049	0432	5
0205	1219	0444	5
0209	1148	0434	5
0153	1333	0440	5
0149	1399	0445	5
0116	1464	0454	5
0112	0468	0495	6
0332	0405	0491	6
0229	0565	0505	6
0206	0698	0505	6
0220	0887	0499	6
0181	1030	0497	6
0200	1159	0506	6
0183	1294	0510	6
0115	0464	0588	7
0203	0398	0579	7
0203	0550	0586	7
0228	0647	0583	7
0171	0828	0556	7
0213	0992	0557	7
0224	1111	0558	7
0195	1241	0567	7
0196	1347	0574	7
0197	1443	0586	7
0148	1488	0588	7
0119	0457	0674	8
0141	0390	0663	8
0195	0544	0664	8
0104	0464	0662	8
0207	0391	0660	8
0192	0772	0649	8
0198	0864	0632	8
0229	0989	0626	8
0170	1100	0625	8
0155	1253	0643	8
0212	1345	0641	8
0056	1472	0661	8
0161	1151	0651	8
0088	1192	0654	8
0176	1293	0647	8
0208	1481	0668	8
0096	0466	0730	9
0218	0378	0739	9
0217	0525	0735	9
0164	0613	0719	9
0197	0780	0710	9
0205	0868	0694	9
0134	0984	0690	9
0139	1062	0696	9
0114	1122	0699	9
0214	1229	0712	9
0186	1367	0719	9
0145	1328	0717	9
0170	1414	0730	9
0145	0412	0807	10
0091	0381	0805	10
0269	0512	0786	10
0129	0399	0797	10