0224	0371	0153	1
0124	0486	0162	1
0415	0558	0149	1
0165	0680	0150	1
0132	0743	0151	1
0251	0908	0156	1
0369	0696	0147	1
0098	0903	0159	1
0129	1045	0163	1
0173	1157	0163	1
0205	1222	0169	1
0186	1304	0170	1
0178	1214	0172	1
0244	1342	0172	1
0070	1377	0177	1
0158	0447	0225	2
0151	0419	0224	2
0194	0587	0217	2
0267	0704	0207	2
0120	0733	0213	2
0220	0891	0217	2
0151	1151	0227	2
0131	1202	0225	2
0162	1150	0230	2
0262	1307	0240	2
0174	1264	0235	2
0168	0952	0228	2
0132	0643	0219	2
0126	0505	0230	2
0094	0424	0227	2
0234	1285	0239	2
0194	1360	0240	2
0462	1478	0241	2
0104	0455	0303	3
0221	0430	0297	3
0183	0532	0284	3
0144	0569	0286	3
0396	0661	0290	3
0220	0852	0284	3
0250	0895	0287	3
0261	1023	0290	3
0339	1062	0292	3
0146	0875	0286	3
0548	1206	0290	3
0278	1339	0298	3
0300	1417	0301	3
0211	1442	0300	3
0164	0432	0374	4
0173	0488	0359	4
0237	0538	0353	4
0340	0780	0346	4
0191	0836	0350	4
0176	0743	0351	4
0257	0600	0354	4
0226	0767	0356	4
0349	0979	0355	4
0230	1000	0361	4
0234	1111	0362	4
0159	1141	0355	4
0192	1274	0358	4
0571	1442	0364	4
0193	1438	0362	4
0175	0458	0440	5
0298	0488	0429	5
0253	0522	0427	5
0266	0652	0427	5
0375	0494	0433	5
0163	0440	0434	5
0314	0687	0417	5
0234	0778	0416	5
0370	0761	0418	5
0198	0922	0414	5
0330	1001	0418	5
0195	1030	0418	5
0167	1131	0420	5
0253	1166	0420	5
0217	1306	0422	5
0297	1401	0420	5
0166	0446	0503	6
0729	0398	0501	6
0202	0527	0495	6
0239	0672	0488	6
0777	0862	0470	6
0244	1056	0469	6
0140	1158	0467	6
0248	1199	0474	6
0196	1348	0474	6
0235	0405	0564	7
0383	0377	0559	7
0134	0479	0536	7
0150	0530	0565	7
0176	0629	0557	7
0282	0650	0566	7
0386	0685	0562	7
0199	0820	0562	7
0168	0925	0556	7
0180	0974	0550	7
0339	1128	0547	7
0402	1314	0548	7
0184	1296	0547	7
0560	1382	0548	7
0176	1489	0549	7
0139	0386	0649	8
0241	0358	0641	8
0274	0514	0632	8
0344	0452	0622	8
0546	0533	0631	8
0194	0744	0628	8
0203	0682	0626	8
0239	0844	0613	8
0159	0874	0615	8
0185	0994	0612	8
0179	1134	0611	8
0287	1191	0608	8
0581	1357	0614	8
0376	1405	0615	8
0098	1477	0614	8
0109	0431	0708	9
0493	0365	0703	9
0198	0526	0704	9
0367	0603	0698	9
0262	0782	0691	9
0092	0732	0698	9
0330	0912	0694	9
0182	0974	0633	9
0152	0993	0672	9
0215	1122	0676	9
0361	1264	0669	9
0309	1421	0676	9
0126	1452	0669	9
0105	0449	0766	10
0249	0376	0760	10
0358	0519	0752	10
0667	0578	0764	10
0207	0515	0756	10
0131	0368	0758	10
0202	0853	0701	0
0282	0524	0767	0