0301	0379	0152	1
0159	0503	0155	1
0248	0635	0166	1
0220	0776	0165	1
0135	0818	0164	1
0114	0987	0163	1
0136	0924	0159	1
0144	0770	0164	1
0188	1058	0169	1
0194	1156	0167	1
0264	1299	0162	1
0187	1439	0155	1
0075	1500	0162	1
0147	0480	0235	2
0153	0426	0230	2
0355	0639	0226	2
0125	0827	0228	2
0245	0794	0232	2
0153	0930	0228	2
0150	1063	0232	2
0114	1044	0225	2
0266	1212	0238	2
0129	1304	0246	2
0086	1385	0241	2
0111	0503	0302	3
0174	0421	0297	3
0146	0590	0289	3
0203	0568	0288	3
0092	0712	0284	3
0120	0911	0280	3
0245	0976	0292	3
0242	1100	0293	3
0165	1253	0303	3
0048	1231	0300	3
0149	1406	0296	3
0090	1461	0295	3
0115	0605	0350	4
0195	0412	0357	4
0155	0476	0345	4
0069	0621	0342	4
0045	0634	0343	4
0132	0433	0363	4
0171	0400	0356	4
0177	0490	0352	4
0226	0598	0354	4
0247	0708	0352	4
0525	0829	0358	4
0297	0685	0352	4
0164	0851	0355	4
0148	0827	0355	4
0250	1016	0367	4
0193	1110	0358	4
0413	1244	0370	4
0229	1340	0367	4
0268	1436	0373	4
0088	1456	0379	4
0150	0930	0362	4
0126	0824	0345	4
0310	0691	0346	4
0130	0482	0411	5
0162	0409	0414	5
0167	0514	0414	5
0090	0741	0411	5
0059	0793	0434	5
0236	0945	0424	5
0260	1072	0426	5
0301	1188	0427	5
0238	1330	0434	5
0151	1384	0435	5
0121	0475	0469	6
0133	0421	0477	6
0235	0570	0474	6
0180	0695	0470	6
0295	0853	0479	6
0224	0976	0484	6
0192	1128	0484	6
0270	1265	0489	6
0173	1331	0490	6
0130	1430	0497	6
0094	0482	0532	7
0237	0400	0542	7
0248	0528	0536	7
0237	0587	0535	7
0215	0706	0533	7
0187	0831	0531	7
0168	0930	0540	7
0229	1085	0549	7
0186	1273	0549	7
0171	1409	0552	7
0241	1472	0556	7
0132	0676	0613	8
0227	0412	0618	8
0182	0508	0624	8
0228	0590	0619	8
0170	0695	0620	8
0297	0849	0616	8
0247	0992	0619	8
0073	0946	0617	8
0261	0822	0613	8
0256	1111	0613	8
0184	1185	0614	8
0119	1220	0613	8
0126	1332	0615	8
0164	1426	0683	8
0067	1496	0627	8
0121	0493	0673	9
0103	0408	0680	9
0021	0506	0832	0
0153	0554	0712	0
0195	0546	0681	9
0514	0825	0679	9
0265	0768	0677	9
0192	1016	0684	9
0169	1144	0669	9
0198	1283	0668	9
0139	1356	0669	9
0237	1297	0671	9
0178	1258	0667	9
0375	1329	0667	9
0218	1142	0669	9
0163	1275	0673	9
0084	1370	0678	9
0066	1442	0758	0
0045	1413	0858	0
0096	0539	0748	10
0202	0426	0751	10
0195	0489	0739	10
0219	0529	0739	10
0238	0741	0750	10
0164	0418	0738	10
0244	0756	0761	10
0096	0841	0754	10
0184	0683	0758	10
0086	0740	0758	10
0209	1002	0742	10
0294	1076	0733	10
0144	1007	0724	10
0196	1171	0737	10
0181	1227	0742	10
0356	1330	0755	10
0191	1367	0772	10
0040	1442	0865	0
0105	0478	0821	11
0174	0416	0818	11
0256	0593	0813	11
0279	0727	0818	11
0229	0902	0806	11
0239	1154	0812	11
0218	1282	0823	11
0107	1332	0829	11
0095	1454	0869	11
0094	0534	0874	12
0262	0431	0866	12
0121	0526	0866	12
0674	0644	0875	12