0128	0375	0159	1
0056	0613	0235	0
0141	0513	0170	1
0144	0658	0150	1
0204	0805	0134	1
0167	1020	0148	1
0242	1209	0155	1
0188	1338	0151	1
0088	1464	0147	1
0205	0396	0220	2
0162	0545	0215	2
0229	0718	0217	2
0215	1066	0218	2
0253	1231	0208	2
0214	1366	0214	2
0114	1487	0220	2
0062	0536	0282	3
0114	0423	0292	3
0170	0553	0289	3
0134	0698	0291	3
0226	0431	0355	4
0217	0641	0342	4
0216	0814	0345	4
0212	0933	0340	4
0169	1180	0342	4
0265	1290	0345	4
0175	1495	0350	4
0167	0414	0401	5
0195	0697	0401	5
0194	0847	0405	5
0229	0992	0410	5
0162	1118	0413	5
0156	1234	0415	5
0004	1357	0424	5
0166	1364	0426	5
0178	0471	0481	6
0176	0733	0477	6
0221	1241	0482	6
0175	1099	0479	6
0152	1270	0488	6
0159	1440	0489	6
0208	0491	0557	7
0133	0446	0542	7
0180	0605	0540	7
0137	0802	0542	7
0178	0969	0541	7
0212	1173	0549	7
0216	1363	0552	7
0109	1432	0556	7
0249	0465	0629	8
0125	0896	0624	8
0179	0493	0705	9
0216	0664	0680	9
0172	0832	0679	9
0188	1062	0677	9
0225	1293	0682	9
0182	1406	0692	9
0137	1516	0686	9
0179	0450	0734	10
0173	0558	0750	10
0220	0709	0750	10
0210	0850	0750	10
0198	1074	0750	10
0217	1199	0750	10
0211	1314	0755	10
0242	1425	0762	10
0169	0454	0808	0
0147	1514	0706	10
0290	1459	0741	10