0245	0364	0147	1
0155	0432	0155	1
0183	0538	0157	1
0119	0640	0150	1
0178	0768	0152	1
0150	0720	0158	1
0253	0952	0152	1
0239	1018	0149	1
0197	1163	0151	1
0256	0989	0155	1
0289	1032	0161	1
0178	1179	0161	1
0159	1131	0157	1
0184	1267	0160	1
0136	1421	0160	1
0141	1392	0162	1
0138	0517	0217	2
0222	0412	0212	2
0151	0470	0213	2
0748	0507	0205	2
0577	0612	0214	2
0229	0618	0159	1
0641	0800	0154	1
0423	1039	0149	1
0183	1205	0151	1
0189	1419	0163	1
0223	0432	0200	2
0497	0660	0211	2
0336	0854	0217	2
0215	1077	0216	2
0142	1024	0218	2
0242	0988	0217	2
0147	1163	0217	2
0335	1297	0220	2
0174	1410	0222	2
0214	1276	0214	2
0262	1434	0222	2
0560	1480	0221	2
0166	1373	0221	2
0087	1516	0229	2
0184	0417	0277	3
0131	0384	0276	3
0251	0583	0272	3
0165	0730	0276	3
0210	0691	0274	3
0249	0850	0265	3
0298	0830	0265	3
0193	1044	0272	3
0252	0983	0268	3
0263	1103	0268	3
0240	1260	0282	3
0418	1397	0290	3
0093	1516	0291	3
0140	0517	0324	4
0235	0410	0336	4
0217	0540	0337	4
0172	0415	0332	4
0203	0545	0334	4
0301	0696	0339	4
0279	0803	0335	4
0207	0826	0338	4
0103	0784	0342	4
0222	1018	0331	4
0160	1004	0336	4
0189	1132	0328	4
0353	1245	0332	4
0071	1265	0333	4
0209	0900	0324	4
0156	0993	0326	4
0088	1077	0324	4
0185	1219	0330	4
0238	1267	0325	4
0162	1198	0320	4
0286	1288	0321	4
0247	0739	0312	4
0186	0847	0322	4
0119	0823	0306	4
0174	0747	0319	4
0196	1014	0324	4
0234	1266	0337	4
0420	1382	0332	4
0149	1466	0339	4
0228	0370	0391	5
0174	0365	0399	5
0159	0450	0395	5
0361	0581	0402	5
0174	0721	0398	5
0147	0672	0396	5
0191	1244	0211	0
0136	1088	0210	0
0250	0633	0407	5
0248	0429	0391	5
0046	0545	0390	5
0265	0641	0388	5
0372	0412	0396	5
0197	0575	0380	5
0179	1399	0330	0
0063	0849	0423	5
0148	0654	0428	5
0170	0647	0412	5
0266	0864	0393	5
0299	1036	0396	5
0177	1002	0403	5
0278	1242	0406	5
0344	1361	0404	5
0227	0407	0465	6
0279	0363	0480	6
0273	0514	0460	6
0280	0644	0459	6
0191	0863	0470	6
0259	0824	0466	6
0221	0987	0461	6
0896	1073	0463	6
0424	1067	0406	5
0216	0700	0405	5
0214	0502	0405	5
0212	0916	0444	5
0237	1166	0420	5
0253	1299	0404	5
0110	1407	0397	5
0182	0430	0483	6
0165	0382	0477	6
0262	0626	0458	6
0226	0861	0455	6
0178	1017	0453	6
0210	1144	0465	6
0170	1275	0465	6
0117	1409	0466	6
0144	0432	0524	7
0139	0378	0528	7
0163	0525	0512	7
0242	0709	0520	7
0198	0848	0517	7
0220	1024	0515	7
0189	1073	0516	7
0293	1207	0520	7
0221	1364	0523	7
0093	1459	0521	7
0155	0427	0574	8
0160	0376	0580	8
0225	0528	0582	8
0388	0488	0595	8
0482	0578	0589	8
0161	0488	0595	8
0172	0555	0595	8
0268	0696	0598	8
0249	0858	0596	8
0104	0797	0604	8
0255	1066	0595	8
0168	1020	0605	8
0371	1206	0592	8
0178	1372	0595	8
0195	1326	0594	8
0248	1455	0588	8
0047	1412	0595	8
0143	0425	0638	9
0156	0364	0652	9
0116	0564	0650	9
0259	0464	0640	9
0181	1310	0582	8
0194	1446	0588	8
0112	1412	0588	8
0163	0394	0649	9
0198	0541	0649	9
0164	0447	0646	9
0158	0643	0639	9
0272	0689	0631	9
0194	0664	0573	9
0197	0486	0582	9
0331	0548	0645	9
0331	0715	0655	9
0255	0855	0649	9
0150	0928	0652	9
0197	1112	0634	9
0288	1039	0637	9
0423	1334	0593	8
0366	1291	0522	8
0155	1271	0587	8
0237	1059	0607	8
0148	1206	0594	8
0189	1380	0583	8
0287	1321	0587	8
0195	1142	0583	8
0194	1066	0581	8
0260	0936	0578	8
0192	0836	0582	8
0210	1194	0586	8
0227	1320	0578	8
0143	1452	0579	8
0146	0442	0636	9
0153	0343	0645	9
0217	0569	0649	9
0222	0782	0653	9
0185	0746	0654	9
0271	1071	0645	9
0101	1166	0639	9
0152	0622	0655	9
0171	0528	0651	9
0169	0739	0653	9
0130	0940	0654	9
0138	1178	0648	9
0275	1330	0647	9
0079	1394	0647	9
0240	0416	0700	10
0158	0353	0703	10
0258	0550	0711	10
0230	0746	0718	10
0153	0829	0710	10
0199	1042	0712	10
0171	0983	0720	10
0301	0518	0572	8
0258	0438	0588	8
0194	0545	0598	8
0235	1129	0532	7
0148	1032	0530	7
0269	1351	0538	7
0139	0428	0588	8
0204	0357	0594	8
0295	1275	0532	7
0283	1151	0521	7
0180	1362	0522	7
0199	1463	0526	7
0181	1208	0714	10
0262	1072	0724	10