0028	0369	0154	0
0144	0580	0175	1
0151	0433	0148	1
0121	0415	0146	1
0141	0534	0146	1
0198	0727	0144	1
0055	0722	0146	1
0152	0843	0148	1
0162	1006	0148	1
0125	0834	0147	1
0179	0792	0152	1
0239	0988	0152	1
0186	1146	0153	1
0215	1279	0150	1
0169	1169	0149	1
0345	1389	0150	1
0126	0488	0212	2
0407	0416	0216	2
0166	0605	0215	2
0149	0565	0214	2
0223	0679	0210	2
0056	0662	0211	2
0203	0830	0214	2
0238	1006	0216	2
0157	0947	0212	2
0248	1117	0209	2
0121	1147	0213	2
0177	1260	0220	2
0285	1379	0222	2
0111	0479	0250	3
0194	0406	0268	3
0152	0628	0270	3
0052	0616	0274	3
0151	0748	0275	3
0109	0918	0270	3
0113	0874	0271	3
0408	1030	0281	3
0478	1229	0287	3
0333	1192	0288	3
0184	1330	0298	3
0327	1449	0298	3
0127	0456	0325	4
0125	0393	0337	4
0216	0538	0341	4
0285	0683	0338	4
0200	0840	0328	4
0299	0655	0343	4
0330	0980	0336	4
0111	0995	0335	4
0156	1137	0338	4
0106	1112	0343	4
0174	1215	0350	4
0207	1304	0354	4
0175	1412	0354	4
0265	1495	0351	4
0118	0515	0413	5
0258	0411	0410	5
0206	0583	0408	5
0154	0551	0406	5
0195	0673	0412	5
0160	0764	0399	5
0184	0870	0396	5
0167	0999	0404	5
0168	1128	0411	5
0157	1309	0417	5
0146	1253	0414	5
0165	1388	0410	5
0134	1430	0414	5
0189	1284	0412	5
0282	1526	0421	5
0140	0529	0476	6
0158	0420	0480	6
0114	0402	0476	6
0154	0471	0478	6
0226	0635	0478	6
0186	0851	0471	6
0115	0802	0473	6
0176	0945	0465	6
0147	0817	0478	6
0147	1114	0477	6
0222	0967	0468	6
0229	1165	0469	6
0305	1353	0471	6
0119	0517	0554	7
0186	0409	0549	7
0190	0556	0553	7
0152	0651	0545	7
0136	0750	0544	7
0170	0700	0551	7
0204	0856	0544	7
0177	1051	0523	7
0150	1106	0524	7
0181	1213	0526	7
0196	1332	0531	7
0191	1365	0533	7
0230	1326	0529	7
0221	1417	0540	7
0099	0544	0597	8
0145	0391	0604	8
0177	0564	0607	8
0244	0728	0611	8
0181	0980	0597	8
0148	0924	0604	8
0166	1030	0592	8
0494	0933	0598	8
0094	1024	0588	8
0154	1213	0601	8
0139	1177	0591	8
0180	1300	0602	8
0207	1439	0591	8
0161	0448	0670	9
0124	0427	0675	9
0206	0611	0675	9
0215	0828	0658	9
0192	0777	0666	9
0195	1056	0657	9
0155	1199	0670	9
0073	1176	0665	9
0133	1287	0665	9
0246	1432	0665	9
0152	0495	0733	10
0185	0404	0739	10
0138	0713	0734	10
0155	0644	0735	10
0346	0818	0719	10
0234	0625	0722	10
0218	0715	0722	10
0220	0799	0722	10
0370	0956	0718	10
0230	1066	0733	10
0221	1022	0719	10
0134	0948	0716	10
0179	1188	0735	10
0160	1378	0740	10
0059	1344	0732	10
0172	1429	0729	10
0141	0464	0782	11
0088	0413	0797	11
0222	0623	0792	11
0154	0541	0798	11
0072	0659	0786	11
0145	0912	0782	11
0197	0842	0784	11
0132	1096	0791	11
0205	0901	0784	11
0099	0988	0787	11
0309	1122	0791	11
0149	1221	0789	11
0199	1113	0788	11
0179	0983	0792	11
0155	1398	0808	11
0145	1364	0805	11
0403	1482	0804	11
0103	0533	0829	12
0052	0413	0846	12
0143	0595	0872	12
0082	0555	0869	12
0388	0764	0845	12
0245	0947	0846	12
0240	1115	0867	12
0243	1313	0874	12
0142	1447	0871	12
0215	0467	0911	13
0153	0406	0910	13
0201	0538	0898	13
0117	0679	0909	13
0107	0643	0913	13
0161	0811	0926	13
0156	0908	0948	13
0141	1077	1005	13
0103	1212	1018	13