0242	0409	0175	1
0166	0501	0140	1
0113	0596	0138	1
0139	0669	0142	1
0151	0855	0140	1
0120	0894	0142	1
0174	0580	0139	1
0131	0559	0139	1
0045	0660	0134	1
0192	0756	0139	1
0086	0800	0144	1
0220	0683	0148	1
0093	0664	0148	1
0151	0924	0161	1
0147	0948	0152	1
0206	1000	0146	1
0222	1178	0160	1
0152	1275	0168	1
0086	1375	0181	1
0343	0436	0244	2
0159	0604	0226	2
0168	0693	0227	2
0185	0772	0222	2
0159	0949	0209	2
0171	1062	0217	2
0246	1203	0222	2
0142	1240	0226	2
0189	1376	0238	2
0309	0428	0306	3
0159	0500	0292	3
0203	0613	0291	3
0138	0724	0284	3
0172	0799	0283	3
0207	0921	0273	3
0163	0898	0273	3
0201	1074	0281	3
0177	1187	0287	3
0157	1324	0297	3
0195	1400	0298	3
0200	1471	0298	3
0227	0440	0352	4
0136	0391	0346	4
0195	0585	0348	4
0155	0668	0342	4
0085	0773	0332	4
0176	0883	0333	4
0146	1033	0338	4
0195	1128	0345	4
0173	1063	0347	4
0194	1323	0372	4
0167	1288	0369	4
0154	1352	0364	4
0129	1440	0357	4
0116	0432	0394	5
0169	0386	0410	5
0168	0545	0417	5
0230	0667	0404	5
0239	0482	0415	5
0195	0552	0409	5
0162	0653	0410	5
0148	0706	0407	5
0117	0682	0408	5
0176	0813	0397	5
0173	0854	0401	5
0167	0978	0412	5
0221	1004	0413	5
0164	1108	0412	5
0178	1171	0418	5
0131	1287	0423	5
0224	1334	0427	5
0238	1447	0427	5
0124	0460	0489	6
0293	0380	0484	6
0131	0469	0477	6
0144	0525	0478	6
0170	0590	0476	6
0244	0640	0481	6
0197	0702	0475	6
0212	0861	0482	6
0080	0936	0483	6
0151	1019	0490	6
0134	1081	0490	6
0160	0886	0476	6
0165	0869	0473	6
0245	0994	0478	6
0151	1108	0480	6
0164	1165	0478	6
0152	1216	0480	6
0241	1283	0483	6
0309	1399	0487	6
0036	1354	0441	0
0199	1398	0424	5
0152	1426	0428	5
0220	1286	0428	5
0202	1139	0412	5
0157	0443	0454	6
0223	0394	0478	6
0152	1201	0380	0
0209	1327	0361	4
0068	1427	0371	4
0164	0356	0418	5
0091	0528	0417	5
0185	0663	0425	5
0115	0841	0406	5
0094	0956	0414	5
0074	1135	0429	5
0167	1298	0434	5
0142	1184	0415	5
0148	1445	0430	5
0120	0430	0481	6
0141	0396	0491	6
0179	0552	0485	6
0194	0716	0488	6
0177	0874	0479	6
0189	1139	0482	6
0093	1090	0484	6
0039	1258	0497	6
0209	1422	0513	6
0112	1449	0494	6
0142	1524	0484	6
0145	1214	0140	1
0137	0476	0171	1
0158	0422	0170	1
0181	0684	0161	1
0167	0810	0164	1
0180	0959	0167	1
0209	1238	0179	1
0173	0428	0257	2
0132	0437	0242	2
0260	0629	0219	2
0162	0752	0213	2
0201	0961	0226	2
0237	1172	0236	2
0160	1333	0242	2
0203	0400	0280	3
0144	0466	0284	3
0172	0631	0290	3
0251	0793	0278	3
0113	0924	0282	3
0170	1065	0289	3
0179	1186	0296	3
0156	1353	0310	3
0146	1409	0310	3
0079	1451	0317	3
0272	0412	0346	4
0188	0583	0355	4
0098	0699	0347	4
0161	0825	0345	4
0189	0909	0342	4
0146	1083	0345	4
0182	1047	0346	4
0138	1164	0348	4
0244	1344	0354	4
0158	1443	0363	4
0194	1267	0360	4
0065	1281	0358	4
0161	1348	0354	4
0135	1454	0371	4
0151	0409	0401	5
0090	0395	0410	5
0151	0587	0425	5
0102	1338	0428	5
0199	1443	0432	5
0107	0458	0495	6
0126	0396	0506	6
0053	0459	0483	6
0135	1398	0479	6
0143	1461	0489	6
0128	0416	0551	7
0176	0377	0550	7
0120	0472	0544	7
0155	0563	0550	7
0177	0704	0548	7
0151	0860	0538	7
0160	0963	0549	7
0198	1161	0554	7
0183	1323	0547	7
0083	1297	0551	7
0049	1412	0544	7
0101	1461	0551	7
0201	0381	0612	8
0212	0543	0611	8
0206	0763	0621	8
0168	0745	0622	8
0167	0840	0618	8
0188	1044	0620	8
0129	1117	0618	8
0097	1224	0625	8
0174	1322	0625	8
0111	1432	0613	8
0274	0416	0674	9
0067	0390	0682	9
0238	0505	0689	9
0166	0388	0674	9
0121	0683	0717	9
0184	0656	0692	9
0082	0799	0691	9
0184	0926	0675	9
0135	1006	0682	9
0164	1121	0684	9
0181	1289	0686	9
0242	1389	0678	9
0160	1443	0678	9
0271	0402	0757	10
0158	0503	0757	10
0147	0630	0758	10
0152	0742	0750	10
0106	0886	0738	10
0236	1029	0738	10
0200	1138	0744	10
0084	1206	0745	10
0208	1327	0750	10
0174	1385	0749	10
0095	1440	0751	10
0154	0421	0789	11
0135	0394	0806	11
0142	0553	0819	11
0147	0635	0810	11
0084	0725	0813	11