0031	0352	0150	1
0124	0452	0154	1
0344	0395	0166	1
0162	0417	0160	1
0187	0508	0153	1
0259	0575	0153	1
0412	0732	0148	1
0215	0644	0154	1
0624	0730	0155	1
0147	0853	0153	1
0124	0835	0156	1
0249	0942	0161	1
0159	0964	0168	1
0262	1090	0178	1
0208	1173	0186	1
0163	1193	0190	1
0248	1329	0193	1
0194	1347	0195	1
0147	1274	0187	1
0123	1376	0195	1
0174	1447	0195	1
0254	1466	0198	1
0113	0520	0209	2
0209	0378	0215	2
0143	0384	0223	2
0296	0452	0220	2
0212	0460	0223	2
0174	0384	0225	2
0138	0492	0218	2
0218	0550	0216	2
0271	0570	0221	2
0184	0684	0223	2
0212	0544	0220	2
0311	0678	0220	2
0151	0698	0219	2
0168	0829	0213	2
0246	0867	0214	2
0316	0930	0218	2
0367	1037	0231	2
0174	1159	0246	2
0247	1132	0244	2
0192	1152	0245	2
0280	1122	0243	2
0203	1291	0247	2
0207	0992	0228	2
0179	0920	0224	2
0355	1346	0250	2
0177	1261	0246	2
0190	1353	0245	2
0216	1455	0251	2
0159	1430	0251	2
0135	0458	0282	3
0165	0369	0286	3
0299	0396	0282	3
0158	0490	0283	3
0532	0524	0275	3
0190	0383	0279	3
0235	0521	0274	3
0285	0532	0274	3
0252	0623	0279	3
0290	0697	0279	3
0268	0782	0281	3
0160	0768	0277	3
0236	0864	0280	3
0451	0879	0282	3
0120	0892	0280	3
0152	1048	0286	3
0501	1016	0282	3
0284	1040	0288	3
0327	1027	0283	3
0185	1104	0280	3
0266	1159	0299	3
0222	1171	0301	3
0162	1274	0306	3
0187	1321	0306	3
0259	1430	0311	3
0133	1458	0310	3
0192	0911	0322	0
0252	0386	0336	4
0150	0392	0332	4
0261	0483	0338	4
0273	0548	0337	4
0322	0626	0334	4
0157	0754	0334	4
0193	0728	0340	4
0134	0760	0340	4
0221	0881	0344	4
0164	0856	0343	4
0202	0897	0348	4
0199	0982	0361	4
0249	1082	0355	4
0179	1118	0361	4
0191	1245	0365	4
0456	1287	0368	4
0258	1204	0360	4
0300	1385	0366	4
0759	1415	0367	4
0148	0864	0379	0
0143	0389	0413	5
0133	0366	0396	5
0177	0407	0395	5
0129	0458	0400	5
0317	0551	0404	5
0257	0662	0407	5
0181	0531	0406	5
0180	0738	0408	5
0300	0770	0411	5
0178	0873	0403	5
0828	0947	0413	5
0267	1084	0414	5
0277	1202	0425	5
0266	1085	0424	5
0251	1105	0419	5
0188	1214	0414	5
0275	1199	0421	5
0200	1218	0429	5
0225	1296	0428	5
0239	1376	0431	5
0216	1403	0435	5
0467	1291	0434	5
0223	1263	0427	5
0225	1343	0428	5
0409	1390	0429	5
0298	1420	0437	5
0250	1475	0431	5
0110	0940	0439	0
0135	0386	0481	6
0173	0373	0468	6
0174	0444	0461	6
0190	0536	0460	6
0153	0587	0468	6
0143	0635	0473	6
0180	0757	0462	6
0257	0788	0470	6
0253	0906	0473	6
0276	0942	0477	6
0453	1077	0484	6
0185	1181	0493	6
0221	1212	0487	6
0177	1331	0496	6
0177	1301	0495	6
0198	1331	0497	6
0154	1187	0491	6
0438	1227	0491	6
0301	1348	0485	6
0627	1450	0499	6
0185	1510	0498	6
0220	1489	0495	6
0140	0892	0533	0
0136	0435	0549	7
0192	0368	0533	7
0291	0434	0539	7
0261	0541	0547	7
0286	0580	0557	7
0462	0598	0556	7
0407	0689	0560	7
0176	0810	0565	7
0201	0868	0562	7
0214	0947	0553	7
0248	0978	0554	7
0480	1127	0557	7
0196	1152	0560	7
0242	1241	0550	7
0233	1266	0553	7
0300	1352	0545	7
0278	1419	0556	7
0189	1343	0549	7
0218	1417	0555	7
0319	1361	0555	7
0294	1432	0538	7
0443	1410	0554	7
0140	1431	0561	7
0165	1004	0568	0
0136	0577	0618	8
0254	0376	0612	8
0301	0406	0619	8
0158	0503	0626	8
0247	0577	0624	8
0208	0665	0625	8
0245	0693	0628	8
0211	0833	0622	8
0253	0703	0623	8
0283	0680	0627	8
0173	0823	0610	8
0147	0807	0623	8
0335	0861	0626	8
0153	0846	0623	8
0224	0973	0608	8
0245	1011	0615	8
0249	0974	0611	8
0414	1011	0614	8
0346	1030	0615	8
0372	1013	0619	8
0202	0973	0623	8
0159	1155	0623	8
0154	1124	0624	8
0212	1167	0621	8
0536	1254	0619	8
0170	1344	0623	8
0227	1385	0622	8
0222	1407	0618	8
0250	1492	0623	8
0165	1469	0622	8
0111	0780	0664	0
0201	0374	0681	9
0634	0384	0676	9
0182	0484	0692	9
0243	0551	0695	9
0281	0581	0696	9
0198	0712	0701	9
0384	0694	0699	9
0205	0647	0693	9
0159	0707	0702	9
0253	0648	0694	9
0319	0712	0698	9
0528	0830	0685	9
0141	0842	0690	9
0283	0943	0677	9
0115	0970	0683	9
0121	1001	0676	9
0242	1098	0689	9
0308	1137	0684	9
0342	1287	0684	9
0283	1145	0685	9
0115	1086	0679	9
0162	1329	0680	9
0269	1281	0673	9
0380	1311	0685	9
0152	1322	0679	9
0165	1412	0674	9
0397	1475	0677	9
0176	1496	0672	9
0119	0985	0692	0
0143	0449	0739	10
0191	0383	0742	10
0255	0534	0743	10
0104	0503	0742	10
0257	0357	0754	10
0147	0407	0752	10
0260	0535	0748	10
0142	0559	0746	10
0287	0388	0744	10
0404	0532	0747	10
0369	0549	0747	10
0222	0649	0747	10
0243	0714	0746	10
0153	0631	0749	10
0131	0693	0747	10
0230	0742	0744	10
0248	0853	0754	10
0166	0877	0754	10
0563	0999	0748	10
0200	1016	0747	10
0130	1118	0746	10
0266	1136	0735	10
0141	1147	0740	10
0303	1268	0752	10
0187	1286	0761	10
0207	1410	0755	10
0159	1373	0756	10
0398	1438	0764	10
0172	1457	0760	10
0279	1401	0752	10
0157	1440	0752	10
0353	1461	0750	10
0173	1432	0725	10
0228	1402	0723	10
0277	1432	0725	10
0244	1460	0731	10
0146	0434	0815	11
0250	0383	0821	11
0256	0464	0832	11
0195	0478	0835	11
0168	0560	0830	11
0226	0603	0825	11
0215	0768	0808	11
0289	0752	0816	11
0219	0777	0815	11
0343	0887	0805	11
0267	0784	0804	11
0282	0884	0804	11
0120	1073	0781	11
0177	1039	0800	11
0207	1133	0817	11
0327	1000	0805	11
0373	0906	0803	11
0286	1148	0811	11
0215	1272	0800	11
0187	1248	0805	11
0187	1380	0873	11
0179	1414	0808	11
0263	1504	0805	11
0130	1524	0803	11
0164	0413	0888	12
0153	0386	0880	12
0173	0447	0874	12
0214	0481	0877	12
0166	0608	0871	12
0548	0650	0874	12