0203	0390	0160	1
0153	0439	0159	1
0175	0532	0158	1
0166	0589	0154	1
0041	0658	0149	1
0203	0750	0153	1
0152	0706	0155	1
0237	0885	0174	1
0233	0830	0165	1
0159	0951	0167	1
0106	1010	0168	1
0141	0737	0159	1
0157	0762	0160	1
0146	0815	0160	1
0120	1072	0164	1
0242	1122	0168	1
0067	1072	0169	1
0174	1193	0172	1
0135	1240	0173	1
0159	1311	0176	1
0104	1292	0177	1
0162	1373	0188	1
0230	0371	0240	2
0116	0441	0227	2
0127	0504	0228	2
0260	0565	0231	2
0147	0693	0231	2
0205	0651	0235	2
0296	0714	0228	2
0222	0639	0235	2
0251	0711	0232	2
0207	0745	0234	2
0205	0725	0228	2
0140	0766	0228	2
0135	0808	0231	2
0155	0846	0230	2
0190	0893	0231	2
0483	0940	0238	2
0149	0986	0241	2
0151	0958	0236	2
0248	1034	0240	2
0391	1117	0241	2
0187	1189	0243	2
0198	1247	0244	2
0420	1363	0256	2
0159	1348	0254	2
0193	1379	0258	2
0335	1447	0258	2
0162	1479	0259	2
0138	0358	0294	3
0216	0398	0273	3
0173	0471	0267	3
0155	0558	0263	3
0154	0582	0271	3
0178	0652	0270	3
0168	0706	0266	3
0229	0776	0271	3
0203	0861	0274	3
0190	0932	0282	3
0333	0988	0283	3
0193	1061	0281	3
0287	1136	0285	3
0153	1099	0279	3
0318	1196	0294	3
0229	1177	0290	3
0154	1208	0299	3
0110	1248	0303	3
0207	1293	0299	3
0163	1395	0291	3
0077	1376	0290	3
0245	1314	0300	3
0110	1342	0303	3
0153	1409	0294	3
0152	1442	0303	3
0042	0550	0344	0
0170	0433	0354	4
0194	0392	0347	4
0266	0496	0340	4
0155	0526	0341	4
0163	0614	0340	4
0481	0696	0346	4
0037	1320	0287	4
0323	1444	0292	3
0083	0464	0357	4
0149	0399	0339	4
0154	0477	0346	4
0091	0570	0343	4
0137	0656	0342	4
0333	0729	0342	4
0202	0804	0346	4
0236	0763	0339	4
0147	0822	0338	4
0196	0890	0347	4
0177	0984	0348	4
0183	1077	0348	4
0225	1119	0352	4
0150	0973	0350	4
0130	1022	0347	4
0219	1134	0355	4
0250	1198	0351	4
0090	1242	0353	4
0181	1301	0362	4
0141	1374	0365	4
0171	1438	0358	4
0269	1369	0359	4
0201	1469	0354	4
0122	1383	0358	4
0130	0935	0382	0
0108	0422	0388	5
0254	0369	0400	5
0216	0447	0404	5
0102	0521	0406	5
0128	0604	0410	5
0187	0658	0408	5
0262	0592	0406	5
0156	0720	0395	5
0156	0758	0402	5
0244	0809	0412	5
0312	0767	0414	5
0159	0809	0416	5
0113	0884	0418	5
0194	0922	0418	5
0449	1001	0423	5
0239	1089	0426	5
0101	1131	0423	5
0251	1173	0421	5
0116	1106	0414	5
0287	0994	0418	5
0377	1056	0414	5
0171	1001	0406	5
0168	1104	0418	5
0087	1166	0412	5
0139	1208	0421	5
0236	1257	0420	5
0137	1292	0419	5
0281	1328	0418	5
0260	1387	0420	5
0221	1443	0417	5
0182	1500	0419	5
0145	1344	0431	5
0080	1307	0424	5
0089	0490	0455	0
0210	0372	0480	6
0186	0433	0470	6
0162	0404	0472	6
0105	0565	0484	6
0210	0534	0472	6
0169	0592	0475	6
0244	0697	0471	6
0257	0668	0464	6
0328	0712	0467	6
0095	0775	0475	6
0243	0856	0477	6
0222	0919	0476	6
0094	0960	0476	6
0228	0869	0468	6
0144	0949	0468	6
0129	0994	0474	6
0186	1060	0477	6
0169	1133	0485	6
0175	1029	0474	6
0136	1060	0480	6
0263	1179	0476	6
0165	1220	0481	6
0172	1291	0488	6
0212	1334	0487	6
0171	1272	0480	6
0235	1338	0487	6
0128	0507	0532	7
0176	0370	0531	7
0252	0433	0526	7
0209	0491	0527	7
0248	0534	0526	7
0156	0622	0527	7
0335	0685	0530	7
0331	0740	0531	7
0149	0724	0542	7
0116	0783	0534	7
0435	0829	0526	7
0143	0807	0524	7
0112	0866	0527	7
0125	0907	0535	7
0334	0978	0542	7
0025	1027	0544	7
0111	1141	0556	7
0201	1131	0543	7
0143	1182	0544	7
0134	1235	0544	7
0165	1285	0545	7
0281	1363	0551	7
0105	1417	0550	7
0191	1451	0550	7
0154	1520	0555	7
0031	1539	0563	7
0035	1491	0558	7
0214	1507	0556	7
0067	1047	0575	0
0101	0392	0618	8
0182	0361	0604	8
0238	0432	0597	8
0224	0491	0598	8
0222	0584	0596	8
0104	0633	0598	8
0547	0684	0595	8
0143	0729	0594	8
0156	0765	0600	8
0152	0845	0602	8
0194	0898	0604	8
0142	0972	0602	8
0182	1016	0602	8
0135	1072	0605	8
0135	1110	0606	8
0204	1148	0610	8
0235	1223	0608	8
0193	1289	0617	8
0249	1367	0620	8
0135	1331	0615	8
0195	1371	0623	8
0266	1410	0627	8
0233	1366	0623	8
0233	1387	0624	8
0258	1419	0621	8
0162	1462	0627	8
0094	1412	0623	8
0272	1385	0626	8
0189	1409	0627	8
0139	1434	0625	8
0137	1475	0628	8
0108	1489	0626	8
0108	0448	0689	9
0258	0357	0674	9
0188	0404	0674	9
0138	0458	0677	9
0189	0507	0676	9
0184	0585	0684	9
0185	0635	0681	9
0216	0704	0680	9
0158	0752	0686	9
0280	0794	0683	9
0251	0872	0667	9
0059	0948	0664	9
0161	0998	0666	9
0151	0895	0656	9
0173	1119	0674	9
0065	1101	0665	9
0172	1039	0665	9
0169	1134	0666	9
0275	1209	0674	9
0162	1109	0673	9
0102	1145	0675	9
0111	1197	0678	9
0245	1235	0674	9
0206	1273	0679	9
0117	1298	0677	9
0067	1346	0682	9
0206	1390	0682	9
0159	1440	0680	9
0071	1486	0678	9
0111	0419	0739	10
0196	0341	0731	10
0135	0428	0720	10
0198	0485	0724	10
0176	0575	0737	10
0510	0621	0737	10