0455	0367	0173	1
0432	0444	0171	1
0186	0497	0170	1
0216	0637	0168	1
0160	0704	0168	1
0197	0774	0165	1
0163	0983	0168	1
0615	1085	0175	1
0227	1176	0175	1
0417	0958	0160	1
0174	1084	0177	1
0223	1257	0189	1
0260	1196	0193	1
0317	1345	0184	1
0194	1388	0182	1
0358	1414	0188	1
0229	1349	0180	1
0276	1459	0189	1
0189	0415	0228	2
0372	0394	0233	2
0554	0402	0176	2
0340	0517	0174	2
0457	0496	0219	2
0189	0521	0223	2
0158	0723	0216	2
0204	0740	0220	2
0293	0876	0229	2
0458	1050	0240	2
0153	1147	0240	2
0164	1222	0252	2
0241	1382	0251	2
0189	1230	0246	2
0291	1161	0241	2
0136	0514	0265	3
0348	0433	0282	3
0263	0508	0293	3
0239	0636	0297	3
0287	0560	0294	3
0394	0626	0299	3
0192	0781	0301	3
0133	0844	0301	3
0215	1024	0312	3
0254	0830	0291	3
0126	0628	0284	3
0160	0895	0294	3
0145	1119	0312	3
0199	1198	0319	3
0157	1270	0323	3
0233	1401	0318	3
0134	0537	0345	4
0248	0429	0364	4
0255	0623	0369	4
0435	0613	0363	4
0203	0682	0360	4
0699	0826	0376	4
0188	0805	0372	4
0512	0795	0368	4
0176	0871	0367	4
0269	1008	0377	4
0200	1076	0383	4
0268	1249	0390	4
0324	1312	0391	4
0210	0489	0425	5
0477	0418	0434	5
0163	0518	0434	5
0350	0580	0432	5
0483	0696	0434	5
0244	0826	0445	5
0186	0903	0448	5
0256	0998	0448	5
0160	1044	0451	5
0365	1288	0447	5
0144	1364	0448	5
0152	1430	0440	5
0148	0491	0491	6
0178	0434	0489	6
0256	0585	0492	6
0329	0764	0495	6
0221	0794	0495	6
0192	0933	0490	6
0187	0982	0498	6
0458	1166	0499	6
0273	1276	0503	6
0187	1122	0501	6
0339	1094	0500	6
0145	0575	0533	7
0273	0433	0537	7
0198	0459	0538	7
0234	0606	0542	7
0176	0645	0545	7
0437	0845	0550	7
0185	0919	0552	7
0125	1047	0554	7
0249	1169	0552	7
0321	1382	0530	7
0093	1337	0529	7
0201	1165	0542	7
0131	0494	0580	8
0213	0466	0584	8
0072	0530	0591	8
0131	0590	0601	8
0249	0670	0594	8
0178	0829	0590	8
0237	0879	0593	8
0155	0965	0603	8
0223	1044	0604	8
0298	1131	0609	8
0991	1049	0602	8
0143	1083	0606	8
0223	1199	0611	8
0194	1232	0616	8
0163	1262	0619	8
0182	1339	0625	8
0310	1400	0624	8
0132	0517	0638	9
0313	0450	0650	9
0190	0573	0653	9
0165	0632	0663	9
0185	0711	0663	9
0181	0869	0664	9
0178	0909	0668	9
0259	1099	0675	9
0089	1073	0672	9
0191	0932	0673	9
0299	0910	0672	9
0167	1012	0675	9
0158	1062	0672	9
0265	1198	0672	9
0295	1300	0678	9
0117	1347	0689	9
0207	1432	0694	9
0135	0439	0716	10
0141	0428	0727	10
0247	0513	0730	10
0209	0630	0736	10
0185	0701	0738	10
0164	0746	0736	10
0208	0826	0736	10
0182	0936	0735	10
0278	0730	0731	10
0075	0835	0735	10
0289	0939	0736	10
0270	1042	0738	10
0166	1183	0739	10
0279	1265	0741	10
0161	1160	0733	10
0199	1229	0740	10
0351	0417	0792	11
0246	0550	0792	11
0156	0602	0791	11
0210	0786	0788	11
0138	0842	0790	11
0280	1053	0801	11
0279	1166	0803	11
0238	1343	0812	11
0337	0416	0850	12