0028	0403	0167	1
0183	0382	0151	1
0193	0570	0152	1
0256	0542	0160	1
0347	0488	0164	1
0226	0577	0155	1
0365	0692	0154	1
0273	0833	0163	1
0228	0808	0178	1
0166	0547	0176	1
0164	0675	0175	1
0357	0552	0175	1
0315	0574	0185	1
0248	0440	0182	1
0164	0533	0192	1
0283	0459	0194	1
0191	0521	0195	1
0144	0743	0202	1
0354	0654	0199	1
0276	0816	0204	1
0415	0689	0201	1
0422	0803	0199	1
0225	0785	0191	1
0337	0839	0194	1
0176	0958	0202	1
0264	1071	0197	1
0425	1034	0206	1
0341	1177	0195	1
0427	1138	0202	1
0449	1300	0196	1
0144	1134	0185	1
0211	1248	0189	1
0207	1271	0192	1
0183	1344	0191	1
0140	1436	0196	1
0435	0419	0225	2
0193	0620	0223	2
0485	0560	0237	2
0448	0711	0238	2
0156	0640	0249	2
0359	0543	0242	2
0650	0634	0240	2
0170	0739	0240	2
0334	0549	0242	2
0433	0619	0245	2
0278	0452	0235	2
0584	0586	0241	2
0365	0675	0253	2
0233	0619	0252	2
0211	0723	0244	2
0320	0831	0251	2
0189	0813	0258	2
0224	0839	0256	2
0430	0790	0250	2
0484	0853	0252	2
0200	0931	0260	2
0263	0944	0256	2
0274	0905	0246	2
0204	1004	0246	2
0423	1116	0252	2
0479	1194	0252	2
0442	1163	0247	2
0195	1217	0242	2
0296	1176	0241	2
0309	1294	0242	2
0198	1262	0243	2
1065	1334	0245	2
0614	1421	0250	2
0189	1488	0235	2
0134	0486	0269	3
0265	0375	0278	3
0124	0366	0282	3
0825	0475	0282	3
0297	0438	0281	3
0428	0522	0286	3
0623	0494	0286	3
0462	0567	0289	3
0546	0606	0292	3
0193	0686	0284	3
0365	0591	0285	3
0826	0670	0293	3
0212	0756	0277	3
2242	0736	0291	3
0201	0732	0294	3
1027	0759	0300	3
0333	0845	0298	3
0192	0969	0304	3
0224	0822	0305	3
0090	0948	0309	3
0203	0896	0309	3
0230	0953	0320	3
0502	1081	0324	3
0324	1155	0318	3
0239	1280	0323	3
0347	1184	0325	3
0466	1292	0320	3
0454	1262	0311	3
0200	1362	0312	3
0785	1282	0303	3
0282	1349	0301	3
0268	1290	0296	3
1019	1370	0302	3
0857	1453	0306	3
0129	0531	0321	4
0793	0378	0334	4
0199	0437	0328	4
0246	0553	0335	4
0247	0494	0337	4
0539	0552	0333	4
1157	0657	0338	4
0172	0749	0322	4
0347	0727	0344	4
0567	0653	0354	4
0505	0746	0348	4
0424	0809	0357	4
0384	0917	0356	4
0426	0877	0354	4
0170	0959	0351	4
0619	1038	0355	4
0573	1030	0356	4
0175	1060	0354	4
0263	1120	0349	4
0189	1054	0349	4
0425	1139	0345	4
0233	1190	0349	4
0263	1310	0354	4
0312	1154	0383	4
0195	1129	0357	4
0399	1301	0343	4
0201	1352	0349	4
0181	0394	0405	5
0212	0371	0416	5
0270	0440	0404	5
1363	0569	0403	5
0209	0629	0392	5
0301	0696	0383	5
0335	0829	0394	5
0413	0789	0396	5
0247	0873	0390	5
0753	0992	0391	5
0412	1162	0394	5
0479	1199	0400	5
0301	1169	0392	5
0326	1211	0397	5
0279	1194	0399	5
0571	1226	0406	5
0203	1248	0408	5
0692	1330	0412	5
0159	1391	0413	5
0140	0446	0462	6
0523	0383	0485	6
0354	0417	0490	6
0326	0405	0496	6
0185	0479	0488	6
0213	0601	0488	6
0468	0548	0482	6
0195	0705	0451	6
0679	0737	0464	6
0283	0790	0471	6
0164	0890	0470	6
0245	0833	0473	6
0423	0897	0474	6
0213	0887	0478	6
0692	0877	0484	6
0236	0804	0479	6
0185	0772	0484	6
0195	0790	0482	6
0199	0903	0471	6
0654	0868	0473	6
0196	0909	0466	6
0755	1020	0465	6
0794	1004	0477	6
0342	1030	0477	6
0347	1149	0481	6
0241	1115	0475	6
0308	1228	0467	6
0255	1297	0476	6
0284	1232	0476	6
0357	1309	0475	6
0179	1342	0464	6
0196	1454	0466	6
0171	1425	0466	6
0142	0883	0491	0
0191	0404	0524	7
0394	0372	0539	7
0216	0572	0553	7
0547	0490	0562	7
0247	0550	0554	7
0289	0585	0561	7
0344	0684	0553	7
0182	0652	0560	7
0311	0798	0538	7
0200	0906	0522	7
0381	0775	0529	7
0438	0694	0548	7
0478	0784	0556	7
0181	0769	0562	7
0351	0822	0559	7
0390	0853	0557	7
0205	0905	0549	7
0112	1022	0517	0
0257	0954	0529	7
0219	0887	0542	7
0463	0756	0554	7
0364	0796	0545	7
0284	0833	0537	7
0220	0897	0530	7
0742	0859	0528	7
0390	0888	0524	7
0183	0943	0528	7
0359	0975	0532	7
0224	1096	0532	7
0655	1052	0533	7
0188	1151	0530	7
0484	1220	0530	7
0377	1359	0529	7
0314	1312	0524	7
0270	1366	0523	7
0208	1414	0529	7
0148	0384	0588	8
0504	0338	0597	8
0386	0396	0592	8
0325	0377	0604	8
0852	0349	0600	8
0231	0407	0590	8
0468	0364	0600	8
0320	0425	0603	8
0347	0403	0597	8
0475	0439	0588	8
0192	0536	0566	8
0318	0474	0582	0
0234	0432	0594	8
0234	0404	0599	8
0355	0533	0611	8
0350	0632	0610	8
0236	0654	0607	8
0210	0865	0593	8
0201	0812	0592	8
0233	0834	0584	8
0453	0918	0584	8
0368	0884	0591	8
0199	1112	0590	8
0258	1019	0586	8
0334	1142	0601	8
0109	1181	0604	8
0090	1193	0592	8
0577	1140	0594	8
0183	1168	0593	8
0204	1125	0596	8
0451	1196	0599	8
0200	1327	0594	8
0416	1292	0593	8
0200	1417	0597	8
1192	1376	0591	8
0163	1435	0589	8
0200	0369	0662	9
0295	0346	0658	9
0121	1365	0576	8
0157	1436	0594	8
0161	0466	0660	9
0515	0370	0652	9
0143	0401	0649	9
0263	0492	0658	9
0303	0479	0670	9
0154	0641	0662	9
0183	0533	0665	9
0476	0481	0683	9
0394	0527	0686	9
0328	0503	0688	9
0144	0462	0687	9
0298	0393	0681	9
0149	0591	0686	9
0337	0494	0691	9
0243	0469	0682	9
0319	0510	0675	9
0665	0615	0675	9
0139	0639	0674	9
0233	0767	0666	9
0165	0847	0656	9
0180	1000	0641	9
0141	0953	0640	9
0192	1026	0634	9
0602	0971	0641	9
0222	1156	0634	9
0791	1110	0642	9
0156	1138	0641	9
0192	1273	0642	9
0989	1237	0646	9
0192	1382	0654	9
0170	1326	0655	9
0160	1247	0650	9
0057	1347	0620	9
0241	1356	0656	9
0190	1463	0667	9
0227	1503	0662	9
0149	0526	0754	10
0196	0389	0730	10
0125	0359	0727	10
0173	1465	0674	9
0163	1503	0672	9
0129	0419	0718	10
0368	0363	0738	10
0354	0487	0740	10
0503	0516	0729	10
0310	0483	0728	10
0267	0648	0716	10
0440	0608	0728	10
0469	0660	0724	10
0211	0733	0720	10
0499	0703	0725	10
0365	0803	0729	10
0346	0780	0732	10
0505	0821	0731	10
0283	0981	0715	10
0232	0947	0720	10
0455	0961	0723	10
0405	0885	0728	10
0213	0975	0712	10
0144	1138	0702	10
0288	0944	0706	10
0479	0980	0716	10
0247	1169	0716	10
0151	1133	0708	10
0304	1065	0698	10
0248	1170	0700	10
0431	1107	0705	10
0339	1160	0699	10
0280	1217	0707	10
0315	1297	0714	10
0654	1256	0713	10
0217	1326	0713	10
0899	1454	0715	10
0126	1511	0723	10
0157	0504	0788	11
0187	0402	0791	11
0268	1500	0722	10
0168	0419	0794	11
0292	0347	0792	11
0176	0449	0783	11
0195	0605	0781	11
0258	0563	0791	11
0346	0636	0785	11
0455	0738	0783	11
0197	0918	0790	11
0346	0758	0792	11
0590	0837	0784	11
0505	0903	0785	11
0383	1009	0784	11
0230	0985	0787	11
0194	1168	0767	11
0159	1118	0770	11
0324	1255	0776	11
0194	1163	0778	11
0531	1209	0777	11
0652	1291	0787	11