0317	0384	0157	1
0168	0468	0158	1
0170	0579	0155	1
0296	0664	0153	1
0089	0637	0155	1
0235	0814	0162	1
0261	0927	0167	1
0146	1169	0144	1
0253	1127	0154	1
0131	1377	0149	1
0215	1354	0148	1
0074	1460	0156	1
0164	0467	0218	2
0196	0426	0227	2
0103	0615	0219	2
0169	0575	0223	2
0195	0558	0217	2
0300	0868	0226	2
0312	0787	0219	2
0168	1072	0217	2
0242	1039	0221	2
0301	1111	0211	2
0305	1258	0219	2
0273	1183	0220	2
0142	1402	0204	2
0131	0360	0267	3
0252	0423	0274	3
0252	0603	0284	3
0172	0758	0289	3
0195	0674	0286	3
0157	0654	0288	3
0262	0842	0291	3
0278	0935	0288	3
0233	1014	0293	3
0396	1167	0284	3
0185	1221	0278	3
0219	1387	0277	3
0148	1340	0274	3
0137	0388	0335	4
0402	0411	0364	4
0205	0578	0342	4
0267	0617	0347	4
0458	0816	0337	4
0312	0756	0340	4
0386	0907	0338	4
0264	1036	0333	4
0218	1074	0335	4
0253	1202	0332	4
0197	1358	0326	4
0229	1326	0331	4
0144	1481	0337	4
0294	0409	0407	5
0220	0580	0400	5
0134	0619	0398	5
0233	0751	0398	5
0211	0780	0400	5
0376	1017	0397	5
0178	1160	0386	5
0169	1140	0386	5
0187	1312	0377	5
0178	1304	0382	5
0155	1444	0382	5
0224	1417	0391	5
0293	1529	0394	5
0128	1543	0403	5
0114	0512	0452	6
0431	0414	0470	6
0182	0656	0456	6
0058	0598	0479	6
0035	0797	0449	6
0228	0773	0466	6
0184	0863	0446	6
0282	1021	0456	6
0251	1190	0453	6
0173	1252	0448	6
0339	1408	0449	6
0133	1526	0455	6
0365	0426	0524	7
0228	0556	0509	7
0353	0667	0514	7
0112	0721	0516	7
0208	0807	0509	7
0209	0774	0513	7
0249	0979	0501	7
0212	1046	0499	7
0140	1083	0504	7
0160	1145	0502	7
0578	1242	0506	7
0231	1349	0506	7
0124	0493	0595	8
0231	0400	0600	8
0339	0471	0591	8
0370	0612	0586	8
0238	0766	0582	8
0267	0861	0581	8
0222	0748	0584	8
0198	0821	0584	8
0293	0886	0583	8
0185	0957	0579	8
0211	1078	0575	8
0143	1252	0580	8
0538	1205	0580	8
0234	1364	0569	8
0170	1345	0583	8
0150	1450	0580	8
0114	0324	0708	9
0279	0389	0674	9
0700	0564	0671	9
0156	0628	0666	9
0399	0702	0662	9
0225	0765	0655	9
0511	0952	0650	9
0178	1057	0653	9
0196	1102	0655	9
0161	1271	0660	9
0187	1352	0655	9
0222	1468	0656	9
0189	1515	0664	9
0031	1420	0655	9
0282	0376	0744	10
0216	0552	0733	10
0179	0694	0726	10
0345	0784	0728	10
0183	0875	0721	10
0160	0963	0714	10
0194	1049	0708	10
0186	1216	0729	10
0164	1394	0690	10
0148	1344	0685	10
0149	0464	0788	11
0174	0407	0797	11
0351	0635	0798	11
0268	0825	0782	11
0182	0998	0772	11
0180	1344	0766	11
0131	1478	0776	11
0241	0467	0872	12
0332	0565	0862	12
0302	0544	0864	12