0044	0363	0139	1
0116	0644	0126	1
0164	0400	0141	1
0189	0381	0133	1
0170	0510	0139	1
0206	0475	0151	1
0234	0385	0154	1
0260	0420	0156	1
0421	0514	0152	1
0160	0500	0154	1
0310	0612	0144	1
0184	0687	0148	1
0280	0684	0152	1
0174	0732	0147	1
0495	0690	0152	1
0274	0725	0150	1
0274	0783	0154	1
0355	0780	0163	1
0164	0785	0156	1
0295	0864	0159	1
0326	0948	0162	1
0306	0938	0155	1
0242	1034	0157	1
0376	1015	0157	1
0160	1086	0158	1
0201	1146	0157	1
0250	1131	0152	1
0256	1180	0144	1
0278	1166	0146	1
0206	1198	0144	1
0173	1277	0147	1
0578	1263	0149	1
0367	1331	0151	1
0230	1364	0161	1
0295	1310	0151	1
0303	1356	0148	1
0225	1417	0153	1
0382	1473	0159	1
0114	0546	0191	2
0121	0428	0251	2
0553	0413	0224	2
0429	0466	0222	2
0241	0444	0226	2
0156	0558	0227	2
0141	0462	0240	2
0145	0505	0236	2
0300	0564	0226	2
0318	0550	0218	2
0164	0642	0218	2
0179	0614	0214	2
0665	0620	0210	2
0272	0711	0227	2
0247	0690	0226	2
0273	0781	0222	2
0199	0817	0232	2
0476	0799	0229	2
0247	0913	0229	2
0176	0826	0228	2
0189	0882	0236	2
0117	0953	0239	2
0166	0906	0222	2
0174	0949	0230	2
0194	1036	0222	2
0290	1008	0221	2
0783	1027	0216	2
0401	1083	0220	2
0200	1175	0229	2
0254	1161	0227	2
0141	1167	0238	2
0328	1167	0224	2
0293	1025	0215	2
0200	1289	0300	0
0188	1244	0282	0
0221	1258	0210	2
0151	1077	0217	2
0070	1207	0222	2
0204	1275	0224	2
0265	1246	0226	2
0202	1342	0244	2
0432	1335	0233	2
0239	1408	0244	2
0568	1398	0236	2
0262	1438	0229	2
0150	0632	0291	3
0275	0412	0300	3
0429	0391	0291	3
0584	0444	0292	3
0259	0488	0300	3
0237	0553	0306	3
0222	0533	0320	3
0181	0565	0320	3
0214	0540	0310	3
0249	0556	0297	3
0338	0602	0307	3
0325	0636	0310	3
0285	0590	0310	3
0163	0633	0305	3
0188	0592	0314	3
0215	0599	0306	3
0453	0653	0298	3
0302	0595	0279	3
0404	0651	0271	3
0208	0740	0280	3
0176	0649	0281	3
0325	0732	0284	3
0288	0761	0277	3
0280	0866	0265	3
0340	0858	0274	3
0330	0846	0279	3
0341	0890	0275	3
0223	0843	0281	3
0170	0878	0274	3
0322	0923	0269	3
0162	0983	0278	3
0146	0968	0271	3
0166	0968	0252	3
0170	0998	0271	3
0252	1061	0273	3
0249	1037	0273	3
0289	1013	0270	3
0398	1069	0263	3
0322	1116	0266	3
0144	1139	0263	3
0219	1240	0270	3
0297	1222	0268	3
0187	1276	0263	3
0170	1395	0276	3
0283	1358	0271	3
0162	1375	0271	3
0245	1476	0285	3
0322	1526	0286	3
0166	1493	0272	3
0143	0734	0323	4
0255	0378	0342	4
0223	0347	0329	4
0089	0414	0327	4
0168	0422	0312	4
0333	0523	0338	4
0546	0613	0342	4
0193	0689	0337	4
0273	0661	0339	4
0093	0704	0341	4
0220	0618	0351	4
0198	0697	0348	4
0299	0670	0358	4
0923	0712	0359	4
0287	0777	0366	4
0253	0821	0348	4
0202	0902	0339	4
0180	0966	0327	4
0188	0901	0322	4
0254	0929	0329	4
0278	1002	0340	4
0196	1077	0339	4
0285	1009	0331	4
0154	1098	0343	4
0186	1129	0333	4
0171	1181	0329	4
0245	1153	0327	4
0325	1242	0331	4
0310	1232	0335	4
0181	1350	0343	4
0413	1436	0336	4
0291	1506	0333	4
0127	0787	0308	0
0141	0412	0388	5
0182	0388	0412	5
0292	0383	0371	5
0209	0450	0398	5
0165	0512	0396	5
0375	0422	0336	4
0174	0496	0333	4
0156	0888	0342	4
0174	0755	0332	4
0096	0503	0441	5
0193	0504	0404	5
0153	0484	0390	5
0224	0569	0381	5
0279	0630	0362	5
0358	0659	0369	5
0398	0627	0391	5
0342	0664	0408	5
0210	0750	0408	5
0458	0734	0413	5
0242	0753	0415	5
0184	0745	0406	5
0371	0628	0394	5
0168	0677	0403	5
0191	0772	0409	5
0274	0820	0411	5
0203	0746	0401	5
0162	0833	0398	5
0301	0802	0402	5
0218	0916	0394	5
0204	0959	0391	5
0208	0945	0402	5
0181	1053	0411	5
0177	1028	0411	5
0338	1136	0418	5
0173	1117	0411	5
0156	1150	0402	5
0221	1248	0421	5
0588	1205	0411	5
0148	1312	0417	5
0699	1358	0418	5
0175	1391	0425	5
0203	1480	0429	5
0126	1508	0409	5
0060	1521	0411	5
0128	0695	0432	0
0223	0395	0473	6
0231	0367	0476	6
0237	0448	0470	6
0259	0426	0462	6
0138	0459	0466	6
0382	0511	0478	6
0254	0607	0476	6
0357	0695	0480	6
0100	0636	0466	6
0317	0758	0473	6
0182	0798	0474	6
0161	0781	0475	6
0224	0880	0484	6
0193	0879	0480	6
0153	0856	0470	6
0219	0960	0461	6
0243	0945	0466	6
0273	0983	0464	6
0064	1027	0455	6
0146	1016	0440	6
0282	0978	0455	6
0253	1018	0454	6
0171	1125	0469	6
0234	1021	0461	6
0115	1092	0456	6
0216	1139	0462	6
0508	1096	0462	6
0241	1166	0474	6
0221	1196	0473	6
0136	1224	0474	6
0328	1160	0470	6
0557	1210	0467	6
0526	1265	0453	6
0244	1322	0455	6
0333	1315	0447	6
0119	1245	0441	6
0121	0892	0469	6
0125	0440	0527	7
0220	0357	0526	7
0327	0401	0511	7
0162	0503	0515	7
0297	0490	0503	7
0174	0560	0510	7
0159	0617	0502	7
0156	0566	0495	7
0228	0535	0491	7
0417	0621	0490	7
0180	0719	0494	7
0775	0694	0506	7
0300	0770	0530	7
0244	0830	0538	7
0244	0904	0527	7
0148	1030	0518	7
0218	0948	0522	7
0192	0983	0514	7
0149	1055	0519	7
0454	1031	0515	7
0195	1079	0519	7
0477	1098	0521	7
0131	1162	0508	7
0206	1153	0514	7
0234	1230	0521	7
0204	1303	0527	7
0149	1236	0524	7
0246	1317	0517	7
0529	1361	0519	7
0244	1418	0524	7
0273	1447	0523	7
0148	1466	0524	7
0158	1560	0527	7
0144	1522	0526	7
0128	0701	0593	8
0121	0404	0631	8
0262	0367	0598	8
0174	0524	0600	8
0171	0354	0580	8
0212	0420	0594	8
0106	0480	0602	8
0365	0557	0599	8
0163	0730	0580	8
0199	0636	0588	8
0144	0698	0585	8
0260	0740	0590	8
0240	0898	0585	8
0234	0918	0601	8
0269	0942	0603	8
0160	1042	0596	8
0313	1002	0600	8
0276	1079	0592	8
0164	1051	0588	8
0154	1152	0595	8
0181	1134	0590	8
0219	1210	0590	8
0231	1195	0578	8
0179	1270	0587	8
0165	1229	0580	8
0175	1196	0585	8
0163	1274	0586	8
0254	1255	0587	8
0132	1276	0584	8
0695	1352	0587	8
0183	1335	0580	8
0304	1437	0599	8
0281	1516	0601	8
0117	0486	0652	9
0190	0352	0663	9
0371	0357	0648	9
0429	0451	0656	9
0324	0542	0664	9
0204	0524	0662	9
0215	0604	0652	9
0449	0594	0659	9
0281	0656	0647	9
0152	0623	0655	9
0139	0717	0660	9
0297	0666	0657	9
0224	0641	0654	9
0293	0599	0652	9
0147	0727	0642	9
0332	0685	0649	9
0105	0735	0650	9
0176	0789	0648	9
0495	0759	0638	9
0191	0817	0637	9
0257	0745	0653	9
0290	0818	0644	9
0300	0857	0637	9
0273	0913	0639	9
0171	1047	0639	9
0271	1017	0630	9
0261	1081	0630	9
0182	1184	0634	9
0293	1158	0641	9
0479	1172	0642	9
0182	1257	0646	9
0205	1212	0640	9
0206	1262	0646	9
0321	1322	0652	9
0243	1303	0647	9
0274	1409	0650	9
0261	1467	0647	9
0270	1450	0647	9
0210	1498	0650	9
0128	0610	0748	10
0171	0407	0791	10
0128	0359	0789	10
0274	0364	0726	10
0158	0517	0722	10
0560	0458	0718	10
0185	0605	0715	10
0497	0593	0716	10
0286	0684	0722	10
0183	0754	0717	10
0216	0738	0715	10
0227	0729	0709	10
0145	0867	0708	10
0217	0798	0706	10
0097	0814	0712	10
0313	0927	0704	10
0301	0943	0692	10
0159	1030	0697	10
0259	1006	0696	10
0381	1025	0684	10
0193	1098	0684	10
0252	1021	0692	10
0480	1094	0692	10
0191	1138	0707	10
0216	1174	0711	10
0474	1165	0702	10
0554	1238	0708	10
0415	1305	0699	10
0617	1328	0700	10
0206	1322	0730	10
0184	1306	0695	10
0244	1379	0708	10
0167	1464	0702	10
0176	1438	0700	10
0177	1482	0698	10
0145	1525	0705	10
0137	0662	0742	0
0208	0386	0773	11
0556	0370	0776	11
0143	0437	0775	11
0183	0513	0785	11
0446	0470	0782	11
0165	0559	0785	11
0297	0543	0777	11
0160	0641	0780	11
0333	0612	0781	11
0145	0640	0776	11
0267	0706	0782	11
0296	0686	0776	11
0148	0731	0776	11
0169	0828	0772	11
0228	0770	0769	11
0268	0851	0760	11
0155	0898	0762	11
0182	0980	0756	11
0090	0942	0756	11
0184	0854	0757	11
0166	0893	0752	11
0920	0999	0764	11
0347	0968	0762	11
0249	0945	0760	11
0256	1009	0766	11
0118	1044	0760	11
0326	1092	0761	11
0182	1157	0761	11
0245	1125	0754	11
0238	1072	0766	11
0150	1095	0760	11
0667	1153	0759	11
0142	1200	0774	11
0151	1179	0761	11
0286	1209	0767	11
0250	1166	0762	11
0249	1134	0758	11
0177	1266	0766	11
0174	1145	0748	11
0200	1190	0759	11
0368	1110	0772	11
0158	1222	0769	11
0156	1274	0771	11
0259	1253	0767	11
0181	1311	0770	11
0146	1392	0769	11
0208	1369	0763	11
0473	1429	0768	11
0277	1486	0762	11
0038	0658	0784	0
0404	0364	0854	12
0194	0362	0843	12
0410	0370	0840	12
0066	0430	0850	12
0148	0469	0872	12
0159	0430	0839	12
0407	0502	0838	12
0204	0604	0844	12
0286	0594	0850	12
0289	0626	0847	12
0156	0708	0854	12
0178	0596	0853	12
0210	0723	0834	12
0170	0689	0840	12
0160	0746	0841	12
0177	0810	0836	12
0250	0790	0836	12
0156	0693	0861	12
0193	0743	0839	12
0261	0785	0838	12
0248	0830	0833	12
0709	0866	0833	12
0165	0994	0830	12
0341	0957	0834	12
0153	1017	0840	12
0174	1148	0852	12
0162	1098	0837	12
0340	1150	0845	12
0316	1190	0848	12
0365	1209	0852	12
0600	1282	0849	12
0177	1370	0848	12
0563	1446	0844	12
0211	1486	0826	12
0111	0642	0868	0
0599	0369	0916	13
0161	0510	0906	13
0488	0498	0905	13
0035	0549	0912	13
0211	0552	0916	13
0108	0661	0941	13
0023	0681	0950	13
0086	0682	0945	13
0024	0763	0942	13
0030	0760	0926	13
0024	0727	0926	13
0370	0824	0928	13
0453	0924	0920	13
0245	1069	0913	13
0392	1029	0905	13
0214	1116	0904	13
0378	1029	0902	13
0191	1146	0893	13
0175	1198	0896	13
0117	1177	0901	13
0182	1101	0908	13
0271	1134	0910	13
0075	1148	0906	13
0205	1216	0914	13
0203	1176	0916	13
0269	1205	0918	13
0070	1225	0912	13
0129	1187	0901	13
0461	1241	0921	13